11/1/2006,297253,370373,667626,1.25
11/2/2006,211699,236992,448691,1.12
11/3/2006,210905,266663,477568,1.26
11/6/2006,201086,254035,455121,1.26
11/7/2006,297353,310046,607399,1.04
11/8/2006,269846,268482,538328,0.99
11/9/2006,183458,260404,443862,1.42
11/10/2006,170334,200796,371130,1.18
11/13/2006,273555,372879,646434,1.36
11/14/2006,404436,566055,970491,1.4
11/15/2006,552168,713019,1265187,1.29
11/16/2006,528934,524870,1053804,0.99
11/17/2006,466854,672584,1139438,1.44
11/20/2006,388962,531648,920610,1.37
11/21/2006,177911,623525,801436,3.5
11/22/2006,161972,337298,499270,2.08
11/24/2006,81571,171007,252578,2.1
11/27/2006,327498,723309,1050807,2.21
11/28/2006,209382,320962,530344,1.53
11/29/2006,367236,398167,765403,1.08
11/30/2006,253734,247397,501131,0.98
12/1/2006,240723,360693,601416,1.5
12/4/2006,234931,364635,599566,1.55
12/5/2006,268647,315598,584245,1.17
12/6/2006,236810,313165,549975,1.32
12/7/2006,255460,377987,633447,1.48
12/8/2006,234237,277192,511429,1.18
12/11/2006,291976,304634,596610,1.04
12/12/2006,318699,515832,834531,1.62
12/13/2006,361663,519928,881591,1.44
12/14/2006,761906,577322,1339228,0.76
12/15/2006,605365,565982,1171347,0.93
12/18/2006,238773,757713,996486,3.17
12/19/2006,303961,448207,752168,1.47
12/20/2006,139341,356747,496088,2.56
12/21/2006,180476,343854,524330,1.91
12/22/2006,154139,321587,475726,2.09
12/26/2006,74684,131076,205760,1.76
12/27/2006,166246,166455,332701,1
12/28/2006,221599,218126,439725,0.98
12/29/2006,145861,224889,370750,1.54
1/3/2007,205724,309416,515140,1.5
1/4/2007,270783,293745,564528,1.08
1/5/2007,290570,352167,642737,1.21
1/8/2007,232352,273485,505837,1.18
1/9/2007,237668,276434,514102,1.16
1/10/2007,222172,300204,522376,1.35
1/11/2007,290609,374464,665073,1.29
1/12/2007,322606,345792,668398,1.07
1/16/2007,363935,446782,810717,1.23
1/17/2007,306362,489441,795803,1.6
1/18/2007,393677,536049,929726,1.36
1/19/2007,329331,590644,919975,1.79
1/22/2007,430140,624065,1054205,1.45
1/23/2007,279965,425930,705895,1.52
1/24/2007,247491,434697,682188,1.76
1/25/2007,253423,614274,867697,2.42
1/26/2007,297561,426786,724347,1.43
1/29/2007,148155,354883,503038,2.4
1/30/2007,141025,303469,444494,2.15
1/31/2007,218874,346706,565580,1.58
2/1/2007,269289,347515,616804,1.29
2/2/2007,227401,293788,521189,1.29
2/5/2007,94058,205217,299275,2.18
2/6/2007,142722,267353,410075,1.87
2/7/2007,209059,244174,453233,1.17
2/8/2007,224539,316515,541054,1.41
2/9/2007,381115,436715,817830,1.15
2/12/2007,244481,425298,669779,1.74
2/13/2007,344397,396705,741102,1.15
2/14/2007,523595,570192,1093787,1.09
2/15/2007,509557,523428,1032985,1.03
2/16/2007,321329,586868,908197,1.83
2/20/2007,400236,619782,1020018,1.55
2/21/2007,276474,512423,788897,1.85
2/22/2007,213697,480673,694370,2.25
2/23/2007,179225,463363,642588,2.59
2/26/2007,153521,299395,452916,1.95
2/27/2007,603032,997380,1600412,1.65
2/28/2007,502539,738416,1240955,1.47
3/1/2007,468947,1012737,1481684,2.16
3/2/2007,462177,725001,1187178,1.57
3/5/2007,545650,1144730,1690380,2.1
3/6/2007,495959,784999,1280958,1.58
3/7/2007,430575,740914,1171489,1.72
3/8/2007,585785,490822,1076607,0.84
3/9/2007,393480,461887,855367,1.17
3/12/2007,449756,519818,969574,1.16
3/13/2007,499341,837143,1336484,1.68
3/14/2007,666113,1681709,2347822,2.52
3/15/2007,628936,857328,1486264,1.36
3/16/2007,345707,535037,880744,1.55
3/19/2007,407845,385484,793329,0.95
3/20/2007,276899,412888,689787,1.49
3/21/2007,546621,659895,1206516,1.21
3/22/2007,455998,615085,1071083,1.35
3/23/2007,264552,281636,546188,1.06
3/26/2007,269772,363514,633286,1.35
3/27/2007,182823,339418,522241,1.86
3/28/2007,221859,510155,732014,2.3
3/29/2007,251282,422878,674160,1.68
3/30/2007,238160,436844,675004,1.83
4/2/2007,163930,200264,364194,1.22
4/3/2007,291640,491337,782977,1.68
4/4/2007,185286,261305,446591,1.41
4/5/2007,257831,324930,582761,1.26
4/9/2007,192104,255278,447382,1.33
4/10/2007,248392,351368,599760,1.41
4/11/2007,323251,401133,724384,1.24
4/12/2007,301413,385820,687233,1.28
4/13/2007,369178,455377,824555,1.23
4/16/2007,610834,558500,1169334,0.91
4/17/2007,537355,655199,1192554,1.22
4/18/2007,515433,680322,1195755,1.32
4/19/2007,616274,729273,1345547,1.18
4/20/2007,398851,554697,953548,1.39
4/23/2007,332418,592261,924679,1.78
4/24/2007,244692,647601,892293,2.65
4/25/2007,357713,436067,793780,1.22
4/26/2007,483145,592276,1075421,1.23
4/27/2007,188033,415632,603665,2.21
4/30/2007,411419,411532,822951,1
5/1/2007,207399,417194,624593,2.01
5/2/2007,401607,405362,806969,1.01
5/3/2007,360065,377531,737596,1.05
5/4/2007,330586,493828,824414,1.49
5/7/2007,232944,278215,511159,1.19
5/8/2007,249631,367367,616998,1.47
5/9/2007,723217,483844,1207061,0.67
5/10/2007,312465,500316,812781,1.6
5/11/2007,338035,503812,841847,1.49
5/14/2007,394277,468690,862967,1.19
5/15/2007,486666,473246,959912,0.97
5/16/2007,674074,833160,1507234,1.24
5/17/2007,618604,712917,1331521,1.15
5/18/2007,426641,766673,1193314,1.8
5/21/2007,315176,625559,940735,1.98
5/22/2007,177733,597180,774913,3.36
5/23/2007,408011,541666,949677,1.33
5/24/2007,244042,521869,765911,2.14
5/25/2007,213173,317394,530567,1.49
5/29/2007,197389,343660,541049,1.74
5/30/2007,348720,347974,696694,1
5/31/2007,326419,468627,795046,1.44
6/1/2007,245295,385144,630439,1.57
6/4/2007,218552,404292,622844,1.85
6/5/2007,518669,714369,1233038,1.38
6/6/2007,457157,679166,1136323,1.49
6/7/2007,556193,780252,1336445,1.4
6/8/2007,490568,646878,1137446,1.32
6/11/2007,397845,483623,881468,1.22
6/12/2007,568277,688399,1256676,1.21
6/13/2007,468707,568838,1037545,1.21
6/14/2007,530098,690551,1220649,1.3
6/15/2007,414318,806724,1221042,1.95
6/18/2007,253199,453750,706949,1.79
6/19/2007,210308,431667,641975,2.05
6/20/2007,379768,597546,977314,1.57
6/21/2007,270671,431766,702437,1.6
6/22/2007,288478,383682,672160,1.33
6/25/2007,276984,422310,699294,1.52
6/26/2007,292494,510519,803013,1.75
6/27/2007,337398,520426,857824,1.54
6/28/2007,232186,316110,548296,1.36
6/29/2007,441863,408858,850721,0.93
7/2/2007,177857,281653,459510,1.58
7/3/2007,200111,232666,432777,1.16
7/5/2007,220767,312243,533010,1.41
7/6/2007,322234,259637,581871,0.81
7/9/2007,205911,321114,527025,1.56
7/10/2007,324414,543905,868319,1.68
7/11/2007,413995,431556,845551,1.04
7/12/2007,554543,584433,1138976,1.05
7/13/2007,418888,578486,997374,1.38
7/16/2007,341725,449672,791397,1.32
7/17/2007,366743,596085,962828,1.63
7/18/2007,505753,831746,1337499,1.64
7/19/2007,764161,662762,1426923,0.87
7/20/2007,403859,696290,1100149,1.72
7/23/2007,243020,409902,652922,1.69
7/24/2007,251200,746476,997676,2.97
7/25/2007,379762,650023,1029785,1.71
7/26/2007,598686,1264740,1863426,2.11
7/27/2007,470292,928109,1398401,1.97
7/30/2007,647248,790907,1438155,1.22
7/31/2007,585240,859193,1444433,1.47
8/1/2007,542583,840433,1383016,1.55
8/2/2007,458770,586576,1045346,1.28
8/3/2007,399689,567265,966954,1.42
8/6/2007,632664,849077,1481741,1.34
8/7/2007,603297,689850,1293147,1.14
8/8/2007,652583,659040,1311623,1.01
8/9/2007,584356,821148,1405504,1.41
8/10/2007,760734,1064927,1825661,1.4
8/13/2007,595391,579728,1175119,0.97
8/14/2007,579341,963474,1542815,1.66
8/15/2007,564497,986885,1551382,1.75
8/16/2007,1142889,1887758,3030647,1.65
8/17/2007,572035,828339,1400374,1.45
8/20/2007,401153,566831,967984,1.41
8/21/2007,519437,637698,1157135,1.23
8/22/2007,420394,804679,1225073,1.91
8/23/2007,392999,514535,907534,1.31
8/24/2007,374279,391279,765558,1.05
8/27/2007,161612,317273,478885,1.96
8/28/2007,303964,542967,846931,1.79
8/29/2007,327484,350182,677666,1.07
8/30/2007,257223,372418,629641,1.45
8/31/2007,250103,427542,677645,1.71
9/4/2007,318008,578977,896985,1.82
9/5/2007,241513,449811,691324,1.86
9/6/2007,233749,378133,611882,1.62
9/7/2007,306539,550314,856853,1.8
9/10/2007,306433,368809,675242,1.2
9/11/2007,318730,430644,749374,1.35
9/12/2007,352779,431995,784774,1.22
9/13/2007,289611,466000,755611,1.61
9/14/2007,263317,421105,684422,1.6
9/17/2007,444154,454400,898554,1.02
9/18/2007,721944,777067,1499011,1.08
9/19/2007,849957,1127443,1977400,1.33
9/20/2007,759965,849977,1609942,1.12
9/21/2007,486228,592512,1078740,1.22
9/24/2007,332998,525788,858786,1.58
9/25/2007,249418,505885,755303,2.03
9/26/2007,369863,461140,831003,1.25
9/27/2007,185186,313950,499136,1.7
9/28/2007,238174,358021,596195,1.5
10/1/2007,318208,462789,780997,1.45
10/2/2007,242305,540849,783154,2.23
10/3/2007,187529,274276,461805,1.46
10/4/2007,303993,325875,629868,1.07
10/5/2007,419389,364533,783922,0.87
10/8/2007,210836,271371,482207,1.29
10/9/2007,391684,437464,829148,1.12
10/10/2007,274428,493435,767863,1.8
10/11/2007,464330,616830,1081160,1.33
10/12/2007,325485,370427,695912,1.14
10/15/2007,406559,504322,910881,1.24
10/16/2007,481593,577606,1059199,1.2
10/17/2007,631132,886183,1517315,1.4
10/18/2007,609380,675274,1284654,1.11
10/19/2007,519344,853812,1373156,1.64
10/22/2007,322051,574215,896266,1.78
10/23/2007,353311,490903,844214,1.39
10/24/2007,383814,404527,788341,1.05
10/25/2007,295761,450483,746244,1.52
10/26/2007,337322,437580,774902,1.3
10/29/2007,198025,485382,683407,2.45
10/30/2007,300252,455147,755399,1.52
10/31/2007,362489,480477,842966,1.33
11/1/2007,488133,531912,1020045,1.09
11/2/2007,412296,475403,887699,1.15
11/5/2007,329060,494415,823475,1.5
11/6/2007,345261,384423,729684,1.11
11/7/2007,486865,680675,1167540,1.4
11/8/2007,827768,1010660,1838428,1.22
11/9/2007,682754,855689,1538443,1.25
11/12/2007,601871,737085,1338956,1.22
11/13/2007,662333,1008599,1670932,1.52
11/14/2007,621649,687450,1309099,1.11
11/15/2007,624818,930936,1555754,1.49
11/16/2007,549488,670222,1219710,1.22
11/19/2007,460654,703362,1164016,1.53
11/20/2007,551822,772187,1324009,1.4
11/21/2007,517208,933784,1450992,1.81
11/23/2007,155800,255959,411759,1.64
11/26/2007,304206,415276,719482,1.37
11/27/2007,311746,480915,792661,1.54
11/28/2007,478518,600372,1078890,1.25
11/29/2007,169204,316121,485325,1.87
11/30/2007,384258,718252,1102510,1.87
12/3/2007,197070,277101,474171,1.41
12/4/2007,240633,298311,538944,1.24
12/5/2007,315183,432522,747705,1.37
12/6/2007,320753,481966,802719,1.5
12/7/2007,301906,517581,819487,1.71
12/10/2007,318705,392925,711630,1.23
12/11/2007,457833,568825,1026658,1.24
12/12/2007,380837,420832,801669,1.11
12/13/2007,315059,447371,762430,1.42
12/14/2007,279615,428947,708562,1.53
12/17/2007,508248,670266,1178514,1.32
12/18/2007,553561,750671,1304232,1.36
12/19/2007,490123,789767,1279890,1.61
12/20/2007,505853,651367,1157220,1.29
12/21/2007,308116,585476,893592,1.9
12/24/2007,209159,205063,414222,0.98
12/26/2007,166665,248736,415401,1.49
12/27/2007,175330,331274,506604,1.89
12/28/2007,127468,223170,350638,1.75
12/31/2007,160438,283102,443540,1.76
1/2/2008,313170,548697,861867,1.75
1/3/2008,274694,456946,731640,1.66
1/4/2008,427295,626227,1053522,1.47
1/7/2008,352142,517742,869884,1.47
1/8/2008,423761,620783,1044544,1.46
1/9/2008,637535,833376,1470911,1.31
1/10/2008,467790,524682,992472,1.12
1/11/2008,367075,486321,853396,1.32
1/14/2008,454581,464174,918755,1.02
1/15/2008,493999,754317,1248316,1.53
1/16/2008,822906,1123498,1946404,1.37
1/17/2008,730403,1456733,2187136,1.99
1/18/2008,623283,834423,1457706,1.34
1/22/2008,528751,886187,1414938,1.68
1/23/2008,560900,766816,1327716,1.37
1/24/2008,427963,631160,1059123,1.47
1/25/2008,432660,616969,1049629,1.43
1/28/2008,358990,488954,847944,1.36
1/29/2008,300456,415255,715711,1.38
1/30/2008,527274,428330,955604,0.81
1/31/2008,358701,433648,792349,1.21
2/1/2008,360969,473775,834744,1.31
2/4/2008,281462,369863,651325,1.31
2/5/2008,307109,455086,762195,1.48
2/6/2008,294847,487466,782313,1.65
2/7/2008,434313,552093,986406,1.27
2/8/2008,366616,462658,829274,1.26
2/11/2008,443743,471506,915249,1.06
2/12/2008,560939,648686,1209625,1.16
2/13/2008,528755,581029,1109784,1.1
2/14/2008,613954,601567,1215521,0.98
2/15/2008,352822,446826,799648,1.27
2/19/2008,314846,570994,885840,1.81
2/20/2008,333329,314134,647463,0.94
2/21/2008,350028,366052,716080,1.05
2/22/2008,405807,515078,920885,1.27
2/25/2008,253393,409612,663005,1.62
2/26/2008,439045,521065,960110,1.19
2/27/2008,234236,447052,681288,1.91
2/28/2008,195438,308695,504133,1.58
2/29/2008,298787,531896,830683,1.78
3/3/2008,277317,490067,767384,1.77
3/4/2008,401342,541726,943068,1.35
3/5/2008,339556,412517,752073,1.21
3/6/2008,423053,545006,968059,1.29
3/7/2008,498811,585320,1084131,1.17
3/10/2008,446584,656873,1103457,1.47
3/11/2008,495815,666557,1162372,1.34
3/12/2008,391848,655066,1046914,1.67
3/13/2008,431189,643059,1074248,1.49
3/14/2008,620913,769274,1390187,1.24
3/17/2008,567023,722722,1289745,1.27
3/18/2008,651575,696173,1347748,1.07
3/19/2008,606470,921922,1528392,1.52
3/20/2008,353256,526679,879935,1.49
3/24/2008,355113,486797,841910,1.37
3/25/2008,350843,464166,815009,1.32
3/26/2008,267158,393885,661043,1.47
3/27/2008,187985,365034,553019,1.94
3/28/2008,168764,335005,503769,1.99
3/31/2008,177271,290451,467722,1.64
4/1/2008,519305,556868,1076173,1.07
4/2/2008,366704,614586,981290,1.68
4/3/2008,201937,371770,573707,1.84
4/4/2008,258080,702152,960232,2.72
4/7/2008,304919,511641,816560,1.68
4/8/2008,215367,396820,612187,1.84
4/9/2008,337230,537917,875147,1.6
4/10/2008,363641,380522,744163,1.05
4/11/2008,418345,583695,1002040,1.4
4/14/2008,330556,419194,749750,1.27
4/15/2008,396894,480998,877892,1.21
4/16/2008,643472,715023,1358495,1.11
4/17/2008,621729,696648,1318377,1.12
4/18/2008,449829,537474,987303,1.19
4/21/2008,229742,488758,718500,2.13
4/22/2008,268846,480428,749274,1.79
4/23/2008,196433,362711,559144,1.85
4/24/2008,328315,352264,680579,1.07
4/25/2008,274573,323592,598165,1.18
4/28/2008,190002,344582,534584,1.81
4/29/2008,175258,296595,471853,1.69
4/30/2008,260199,416960,677159,1.6
5/1/2008,320470,407673,728143,1.27
5/2/2008,387710,513243,900953,1.32
5/5/2008,262073,387034,649107,1.48
5/6/2008,326022,444733,770755,1.36
5/7/2008,373365,607567,980932,1.63
5/8/2008,263958,392192,656150,1.49
5/9/2008,279884,418382,698266,1.49
5/12/2008,334001,398266,732267,1.19
5/13/2008,460422,439976,900398,0.96
5/14/2008,673822,675979,1349801,1
5/15/2008,603130,594361,1197491,0.99
5/16/2008,422087,469600,891687,1.11
5/19/2008,405104,502865,907969,1.24
5/20/2008,356729,538058,894787,1.51
5/21/2008,360017,718783,1078800,2
5/22/2008,282795,337091,619886,1.19
5/23/2008,332917,441895,774812,1.33
5/27/2008,228964,246113,475077,1.07
5/28/2008,263390,323484,586874,1.23
5/29/2008,408769,373601,782370,0.91
5/30/2008,232135,318325,550460,1.37
6/2/2008,343719,442240,785959,1.29
6/3/2008,251946,366670,618616,1.46
6/4/2008,280724,344150,624874,1.23
6/5/2008,384209,413603,797812,1.08
6/6/2008,502972,761634,1264606,1.51
6/9/2008,487557,509639,997196,1.05
6/10/2008,484186,470032,954218,0.97
6/11/2008,479017,587162,1066179,1.23
6/12/2008,387785,404192,791977,1.04
6/13/2008,425293,488058,913351,1.15
6/16/2008,412977,402109,815086,0.97
6/17/2008,355067,490374,845441,1.38
6/18/2008,576102,860157,1436259,1.49
6/19/2008,605906,696514,1302420,1.15
6/20/2008,496838,856925,1353763,1.72
6/23/2008,336705,428164,764869,1.27
6/24/2008,444107,561579,1005686,1.26
6/25/2008,411786,466065,877851,1.13
6/26/2008,539623,751512,1291135,1.39
6/27/2008,479015,665754,1144769,1.39
6/30/2008,407281,469836,877117,1.15
7/1/2008,593862,700063,1293925,1.18
7/2/2008,429745,668775,1098520,1.56
7/3/2008,301000,486430,787430,1.62
7/7/2008,523186,604142,1127328,1.15
7/8/2008,571381,657132,1228513,1.15
7/9/2008,449588,523462,973050,1.16
7/10/2008,530719,612377,1143096,1.15
7/11/2008,740869,913586,1654455,1.23
7/14/2008,615647,689359,1305006,1.12
7/15/2008,923385,1170313,2093698,1.27
7/16/2008,785070,968917,1753987,1.23
7/17/2008,942374,898643,1841017,0.95
7/18/2008,438339,626007,1064346,1.43
7/21/2008,272551,425616,698167,1.56
7/22/2008,367942,485376,853318,1.32
7/23/2008,536094,577083,1113177,1.08
7/24/2008,339423,538297,877720,1.59
7/25/2008,254601,292143,546744,1.15
7/28/2008,301884,450997,752881,1.49
7/29/2008,279292,396417,675709,1.42
7/30/2008,362162,462364,824526,1.28
7/31/2008,294359,542018,836377,1.84
8/1/2008,208717,432506,641223,2.07
8/4/2008,281533,461615,743148,1.64
8/5/2008,388196,457936,846132,1.18
8/6/2008,409764,620382,1030146,1.51
8/7/2008,377139,571075,948214,1.51
8/8/2008,483322,671787,1155109,1.39
8/11/2008,687612,722119,1409731,1.05
8/12/2008,510449,745928,1256377,1.46
8/13/2008,568650,844570,1413220,1.49
8/14/2008,679196,832009,1511205,1.22
8/15/2008,392431,536572,929003,1.37
8/18/2008,412919,611466,1024385,1.48
8/19/2008,404864,651279,1056143,1.61
8/20/2008,252477,428846,681323,1.7
8/21/2008,330786,330648,661434,1
8/22/2008,280635,360179,640814,1.28
8/25/2008,198394,352873,551267,1.78
8/26/2008,224166,298813,522979,1.33
8/27/2008,248416,230522,478938,0.93
8/28/2008,423240,414468,837708,0.98
8/29/2008,181378,313874,495252,1.73
9/2/2008,299453,424837,724290,1.42
9/3/2008,297087,459497,756584,1.55
9/4/2008,663109,693491,1356600,1.05
9/5/2008,642930,646546,1289476,1.01
9/8/2008,488170,490409,978579,1
9/9/2008,557886,560388,1118274,1
9/10/2008,505312,674097,1179409,1.33
9/11/2008,626087,650138,1276225,1.04
9/12/2008,624467,624688,1249155,1
9/15/2008,616353,868911,1485264,1.41
9/16/2008,930224,1503191,2433415,1.62
9/17/2008,1017037,1688812,2705849,1.66
9/18/2008,1007116,1685775,2692891,1.67
9/19/2008,782194,900093,1682287,1.15
9/22/2008,453964,600962,1054926,1.32
9/23/2008,571591,601770,1173361,1.05
9/24/2008,431418,510802,942220,1.18
9/25/2008,483402,569011,1052413,1.18
9/26/2008,415984,513419,929403,1.23
9/29/2008,516619,908078,1424697,1.76
9/30/2008,594033,1122477,1716510,1.89
10/1/2008,452710,589948,1042658,1.3
10/2/2008,460867,789919,1250786,1.71
10/3/2008,526125,769778,1295903,1.46
10/6/2008,957664,2001380,2959044,2.09
10/7/2008,689272,1033050,1722322,1.5
10/8/2008,727184,1318993,2046177,1.81
10/9/2008,671617,1117711,1789328,1.66
10/10/2008,999237,1447644,2446881,1.45
10/13/2008,1009370,962430,1971800,0.95
10/14/2008,945347,883267,1828614,0.93
10/15/2008,871028,1250133,2121161,1.44
10/16/2008,1203223,1445718,2648941,1.2
10/17/2008,707696,763200,1470896,1.08
10/20/2008,490183,531273,1021456,1.08
10/21/2008,600174,518908,1119082,0.86
10/22/2008,552157,947386,1499543,1.72
10/23/2008,605899,918455,1524354,1.52
10/24/2008,367174,565000,932174,1.54
10/27/2008,361723,500658,862381,1.38
10/28/2008,463328,765397,1228725,1.65
10/29/2008,453789,557156,1010945,1.23
10/30/2008,378134,469817,847951,1.24
10/31/2008,299101,544318,843419,1.82
11/3/2008,285799,386513,672312,1.35
11/4/2008,471754,677921,1149675,1.44
11/5/2008,488208,449933,938141,0.92
11/6/2008,435387,710339,1145726,1.63
11/7/2008,278775,369217,647992,1.32
11/10/2008,276195,332651,608846,1.2
11/11/2008,286054,436674,722728,1.53
11/12/2008,502882,608416,1111298,1.21
11/13/2008,643498,707143,1350641,1.1
11/14/2008,423670,537946,961616,1.27
11/17/2008,424572,505613,930185,1.19
11/18/2008,700147,710135,1410282,1.01
11/19/2008,712256,1202676,1914932,1.69
11/20/2008,825304,1256471,2081775,1.52
11/21/2008,674309,793328,1467637,1.18
11/24/2008,460004,515682,975686,1.12
11/25/2008,376839,309229,686068,0.82
11/26/2008,336265,401267,737532,1.19
11/28/2008,131948,156212,288160,1.18
12/1/2008,320887,382998,703885,1.19
12/2/2008,311727,358724,670451,1.15
12/3/2008,299177,369863,669040,1.24
12/4/2008,372029,376939,748968,1.01
12/5/2008,285963,425037,711000,1.49
12/8/2008,390640,443980,834620,1.14
12/9/2008,330459,430515,760974,1.3
12/10/2008,418475,496586,915061,1.19
12/11/2008,425461,535717,961178,1.26
12/12/2008,481559,572370,1053929,1.19
12/15/2008,444907,522186,967093,1.17
12/16/2008,681941,760206,1442147,1.11
12/17/2008,583723,645511,1229234,1.11
12/18/2008,526852,538892,1065744,1.02
12/19/2008,402392,373594,775986,0.93
12/22/2008,256717,274992,531709,1.07
12/23/2008,212701,269459,482160,1.27
12/24/2008,47194,72659,119853,1.54
12/26/2008,63564,85439,149003,1.34
12/29/2008,195831,239742,435573,1.22
12/30/2008,147188,226146,373334,1.54
12/31/2008,226211,320632,546843,1.42
1/2/2009,255484,381463,636947,1.49
1/5/2009,309149,349999,659148,1.13
1/6/2009,375756,386703,762459,1.03
1/7/2009,301819,392178,693997,1.3
1/8/2009,269976,411814,681790,1.53
1/9/2009,381047,502843,883890,1.32
1/12/2009,444060,528809,972869,1.19
1/13/2009,678681,494570,1173251,0.73
1/14/2009,646106,678091,1324197,1.05
1/15/2009,681911,828777,1510688,1.22
1/16/2009,376246,491306,867552,1.31
1/20/2009,483717,421136,904853,0.87
1/21/2009,433184,534594,967778,1.23
1/22/2009,286017,352054,638071,1.23
1/23/2009,292644,294951,587595,1.01
1/26/2009,191853,233541,425394,1.22
1/27/2009,219309,256789,476098,1.17
1/28/2009,553080,396901,949981,0.72
1/29/2009,339996,400053,740049,1.18
1/30/2009,371725,394759,766484,1.06
2/2/2009,336021,244504,580525,0.73
2/3/2009,304529,304076,608605,1
2/4/2009,291763,233262,525025,0.8
2/5/2009,278535,314063,592598,1.13
2/6/2009,502274,382593,884867,0.76
2/9/2009,238167,278485,516652,1.17
2/10/2009,605063,468558,1073621,0.77
2/11/2009,282111,291830,573941,1.03
2/12/2009,510166,440198,950364,0.86
2/13/2009,279590,351642,631232,1.26
2/17/2009,507183,621577,1128760,1.23
2/18/2009,552236,793227,1345463,1.44
2/19/2009,595245,802340,1397585,1.35
2/20/2009,530743,485617,1016360,0.91
2/23/2009,410586,569519,980105,1.39
2/24/2009,331176,402134,733310,1.21
2/25/2009,330788,402681,733469,1.22
2/26/2009,297239,302374,599613,1.02
2/27/2009,407258,477457,884715,1.17
3/2/2009,513853,624519,1138372,1.22
3/3/2009,403737,563548,967285,1.4
3/4/2009,403352,638538,1041890,1.58
3/5/2009,550111,595190,1145301,1.08
3/6/2009,526178,526608,1052786,1
3/9/2009,330607,352188,682795,1.07
3/10/2009,495357,478522,973879,0.97
3/11/2009,399672,445270,844942,1.11
3/12/2009,539563,472953,1012516,0.88
3/13/2009,409309,376462,785771,0.92
3/16/2009,495250,565547,1060797,1.14
3/17/2009,856908,524328,1381236,0.61
3/18/2009,863071,753485,1616556,0.87
3/19/2009,544796,623888,1168684,1.15
3/20/2009,382774,629763,1012537,1.65
3/23/2009,511920,512938,1024858,1
3/24/2009,446922,421825,868747,0.94
3/25/2009,289713,380686,670399,1.31
3/26/2009,276723,405668,682391,1.47
3/27/2009,294058,361247,655305,1.23
3/30/2009,277912,620016,897928,2.23
3/31/2009,267200,357778,624978,1.34
4/1/2009,397525,500660,898185,1.26
4/2/2009,536777,580298,1117075,1.08
4/3/2009,307816,403853,711669,1.31
4/6/2009,338036,470820,808856,1.39
4/7/2009,327502,419446,746948,1.28
4/8/2009,257438,371026,628464,1.44
4/9/2009,467638,808829,1276467,1.73
4/13/2009,353955,568892,922847,1.61
4/14/2009,461632,586164,1047796,1.27
4/15/2009,461764,693373,1155137,1.5
4/16/2009,654984,725890,1380874,1.11
4/17/2009,361433,492990,854423,1.36
4/20/2009,404081,492545,896626,1.22
4/21/2009,290428,422175,712603,1.45
4/22/2009,265632,374430,640062,1.41
4/23/2009,277411,335917,613328,1.21
4/24/2009,335347,406227,741574,1.21
4/27/2009,248626,365322,613948,1.47
4/28/2009,199282,254029,453311,1.27
4/29/2009,350679,337085,687764,0.96
4/30/2009,298623,529847,828470,1.77
5/1/2009,238198,383978,622176,1.61
5/4/2009,329244,474446,803690,1.44
5/5/2009,405172,352387,757559,0.87
5/6/2009,329150,477065,806215,1.45
5/7/2009,409112,526674,935786,1.29
5/8/2009,352270,597488,949758,1.7
5/11/2009,372514,488361,860875,1.31
5/12/2009,395675,534477,930152,1.35
5/13/2009,574423,663535,1237958,1.16
5/14/2009,686857,826636,1513493,1.2
5/15/2009,420237,408233,828470,0.97
5/18/2009,263306,427258,690564,1.62
5/19/2009,413686,393319,807005,0.95
5/20/2009,485309,544599,1029908,1.12
5/21/2009,428225,464642,892867,1.09
5/22/2009,276436,279527,555963,1.01
5/26/2009,303113,312047,615160,1.03
5/27/2009,405234,355744,760978,0.88
5/28/2009,245052,369525,614577,1.51
5/29/2009,261143,290679,551822,1.11
6/1/2009,459569,537665,997234,1.17
6/2/2009,335780,470784,806564,1.4
6/3/2009,329640,509778,839418,1.55
6/4/2009,245879,374458,620337,1.52
6/5/2009,293550,341658,635208,1.16
6/8/2009,329657,385869,715526,1.17
6/9/2009,303248,420426,723674,1.39
6/10/2009,381792,490298,872090,1.28
6/11/2009,456131,547870,1004001,1.2
6/12/2009,274166,356444,630610,1.3
6/15/2009,446479,514638,961117,1.15
6/16/2009,579338,717922,1297260,1.24
6/17/2009,430264,744504,1174768,1.73
6/18/2009,469001,547623,1016624,1.17
6/19/2009,363038,364086,727124,1
6/22/2009,353276,395657,748933,1.12
6/23/2009,318201,418926,737127,1.32
6/24/2009,296260,347047,643307,1.17
6/25/2009,425794,407004,832798,0.96
6/26/2009,353630,247464,601094,0.7
6/29/2009,312393,252952,565345,0.81
6/30/2009,371959,506042,878001,1.36
7/1/2009,375183,357804,732987,0.95
7/2/2009,322507,420463,742970,1.3
7/6/2009,307561,277513,585074,0.9
7/7/2009,461381,414849,876230,0.9
7/8/2009,470315,496374,966689,1.06
7/9/2009,296068,294000,590068,0.99
7/10/2009,310928,331088,642016,1.06
7/13/2009,464738,468976,933714,1.01
7/14/2009,366525,468884,835409,1.28
7/15/2009,770351,665300,1435651,0.86
7/16/2009,704925,676096,1381021,0.96
7/17/2009,387567,491589,879156,1.27
7/20/2009,466847,357881,824728,0.77
7/21/2009,250269,331421,581690,1.32
7/22/2009,271049,598692,869741,2.21
7/23/2009,464989,601434,1066423,1.29
7/24/2009,296555,333401,629956,1.12
7/27/2009,226074,318921,544995,1.41
7/28/2009,330322,417584,747906,1.26
7/29/2009,322848,399885,722733,1.24
7/30/2009,403507,491221,894728,1.22
7/31/2009,221832,265729,487561,1.2
8/3/2009,268768,320591,589359,1.19
8/4/2009,346863,343893,690756,0.99
8/5/2009,275481,470009,745490,1.71
8/6/2009,324229,363324,687553,1.12
8/7/2009,320287,463218,783505,1.45
8/10/2009,228211,250717,478928,1.1
8/11/2009,395988,361820,757808,0.91
8/12/2009,374842,511004,885846,1.36
8/13/2009,403109,405176,808285,1.01
8/14/2009,379131,497412,876543,1.31
8/17/2009,525423,657239,1182662,1.25
8/18/2009,462591,615087,1077678,1.33
8/19/2009,491577,809873,1301450,1.65
8/20/2009,664153,625309,1289462,0.94
8/21/2009,518178,579119,1097297,1.12
8/24/2009,336760,481485,818245,1.43
8/25/2009,408258,427115,835373,1.05
8/26/2009,225214,422077,647291,1.87
8/27/2009,359061,454333,813394,1.27
8/28/2009,327131,336129,663260,1.03
8/31/2009,239208,360741,599949,1.51
9/1/2009,566266,582353,1148619,1.03
9/2/2009,489529,539565,1029094,1.1
9/3/2009,437421,526063,963484,1.2
9/4/2009,348565,407789,756354,1.17
9/8/2009,323682,436122,759804,1.35
9/9/2009,399437,602470,1001907,1.51
9/10/2009,390434,633831,1024265,1.62
9/11/2009,457624,626065,1083689,1.37
9/14/2009,380396,496720,877116,1.31
9/15/2009,474764,545972,1020736,1.15
9/16/2009,859973,912866,1772839,1.06
9/17/2009,711478,775864,1487342,1.09
9/18/2009,301896,541756,843652,1.79
9/21/2009,319132,390943,710075,1.23
9/22/2009,290637,415439,706076,1.43
9/23/2009,283329,454509,737838,1.6
9/24/2009,339587,527901,867488,1.55
9/25/2009,271335,525501,796836,1.94
9/28/2009,112703,263242,375945,2.34
9/29/2009,250506,322284,572790,1.29
9/30/2009,259801,409444,669245,1.58
10/1/2009,508057,568346,1076403,1.12
10/2/2009,384934,628631,1013565,1.63
10/5/2009,314318,339603,653921,1.08
10/6/2009,298458,407540,705998,1.37
10/7/2009,338557,462479,801036,1.37
10/8/2009,476322,467490,943812,0.98
10/9/2009,251820,413184,665004,1.64
10/12/2009,353426,532181,885607,1.51
10/13/2009,430473,604264,1034737,1.4
10/14/2009,721086,844815,1565901,1.17
10/15/2009,690506,716494,1407000,1.04
10/16/2009,397297,690046,1087343,1.74
10/19/2009,307667,566634,874301,1.84
10/20/2009,336504,483600,820104,1.44
10/21/2009,339109,673844,1012953,1.99
10/22/2009,439482,488462,927944,1.11
10/23/2009,361976,452135,814111,1.25
10/26/2009,342026,502326,844352,1.47
10/27/2009,325788,717181,1042969,2.2
10/28/2009,502297,840731,1343028,1.67
10/29/2009,392753,513674,906427,1.31
10/30/2009,511008,860098,1371106,1.68
11/2/2009,515116,631296,1146412,1.23
11/3/2009,296430,555766,852196,1.87
11/4/2009,432161,560938,993099,1.3
11/5/2009,292964,497589,790553,1.7
11/6/2009,407025,729333,1136358,1.79
11/9/2009,541496,728338,1269834,1.35
11/10/2009,345506,505109,850615,1.46
11/11/2009,385457,811207,1196664,2.1
11/12/2009,512590,683035,1195625,1.33
11/13/2009,299431,715848,1015279,2.39
11/16/2009,602391,771908,1374299,1.28
11/17/2009,328868,489213,818081,1.49
11/18/2009,534570,714849,1249419,1.34
11/19/2009,676032,910647,1586679,1.35
11/20/2009,399801,677337,1077138,1.69
11/23/2009,503747,408787,912534,0.81
11/24/2009,346301,401113,747414,1.16
11/25/2009,305943,331936,637879,1.08
11/27/2009,254518,422075,676593,1.66
11/30/2009,314693,511580,826273,1.63
12/1/2009,350217,536461,886678,1.53
12/2/2009,269367,521168,790535,1.93
12/3/2009,1006524,497733,1504257,0.49
12/4/2009,455023,622505,1077528,1.37
12/7/2009,239960,374317,614277,1.56
12/8/2009,485692,662849,1148541,1.36
12/9/2009,413549,633473,1047022,1.53
12/10/2009,317093,470466,787559,1.48
12/11/2009,416253,522564,938817,1.26
12/14/2009,405091,522200,927291,1.29
12/15/2009,612325,547353,1159678,0.89
12/16/2009,713637,986936,1700573,1.38
12/17/2009,839092,807395,1646487,0.96
12/18/2009,436211,626190,1062401,1.44
12/21/2009,248657,329885,578542,1.33
12/22/2009,273627,430349,703976,1.57
12/23/2009,213523,271831,485354,1.27
12/24/2009,96145,151531,247676,1.58
12/28/2009,169479,250344,419823,1.48
12/29/2009,211925,393437,605362,1.86
12/30/2009,380798,335528,716326,0.88
12/31/2009,204199,352058,556257,1.72
1/4/2010,388263,454878,843141,1.17
1/5/2010,462002,582918,1044920,1.26
1/6/2010,387398,505665,893063,1.31
1/7/2010,376828,412111,788939,1.09
1/8/2010,530908,503839,1034747,0.95
1/11/2010,562609,599149,1161758,1.06
1/12/2010,581839,733502,1315341,1.26
1/13/2010,798566,782103,1580669,0.98
1/14/2010,533400,641353,1174753,1.2
1/15/2010,398390,633111,1031501,1.59
1/19/2010,652158,621417,1273575,0.95
1/20/2010,470627,711911,1182538,1.51
1/21/2010,566776,661158,1227934,1.17
1/22/2010,868073,986851,1854924,1.14
1/25/2010,393271,636368,1029639,1.62
1/26/2010,438567,486277,924844,1.11
1/27/2010,545531,555890,1101421,1.02
1/28/2010,450193,477745,927938,1.06
1/29/2010,370821,547949,918770,1.48
2/1/2010,569126,468917,1038043,0.82
2/2/2010,480673,670507,1151180,1.39
2/3/2010,353555,424993,778548,1.2
2/4/2010,594599,668339,1262938,1.12
2/5/2010,612234,898281,1510515,1.47
2/8/2010,399046,493434,892480,1.24
2/9/2010,493563,487969,981532,0.99
2/10/2010,363548,453567,817115,1.25
2/11/2010,706216,417363,1123579,0.59
2/12/2010,473430,521610,995040,1.1
2/16/2010,649667,800962,1450629,1.23
2/17/2010,814868,975931,1790799,1.2
2/18/2010,901911,824101,1726012,0.91
2/19/2010,537221,508458,1045679,0.95
2/22/2010,491613,570790,1062403,1.16
2/23/2010,466913,622546,1089459,1.33
2/24/2010,361181,387387,748568,1.07
2/25/2010,458122,442313,900435,0.97
2/26/2010,426764,472144,898908,1.11
3/1/2010,523108,627148,1150256,1.2
3/2/2010,555079,510959,1066038,0.92
3/3/2010,537420,653779,1191199,1.22
3/4/2010,505052,770660,1275712,1.53
3/5/2010,661871,860774,1522645,1.3
3/8/2010,360474,587722,948196,1.63
3/9/2010,619650,529124,1148774,0.85
3/10/2010,570274,485001,1055275,0.85
3/11/2010,486461,587035,1073496,1.21
3/12/2010,402554,693726,1096280,1.72
3/15/2010,467708,434121,901829,0.93
3/16/2010,695528,743204,1438732,1.07
3/17/2010,1010354,1283510,2293864,1.27
3/18/2010,724393,818433,1542826,1.13
3/19/2010,419038,837831,1256869,2
3/22/2010,302197,525037,827234,1.74
3/23/2010,380855,422317,803172,1.11
3/24/2010,274766,494629,769395,1.8
3/25/2010,358758,572334,931092,1.6
3/26/2010,303399,456123,759522,1.5
3/29/2010,207766,403718,611484,1.94
3/30/2010,297069,374485,671554,1.26
3/31/2010,247745,512853,760598,2.07
4/1/2010,314099,581722,895821,1.85
4/5/2010,299682,473774,773456,1.58
4/6/2010,516716,635113,1151829,1.23
4/7/2010,468387,790546,1258933,1.69
4/8/2010,321678,460706,782384,1.43
4/9/2010,459173,638704,1097877,1.39
4/12/2010,506268,627195,1133463,1.24
4/13/2010,753296,745449,1498745,0.99
4/14/2010,759913,738253,1498166,0.97
4/15/2010,1015412,1142428,2157840,1.13
4/16/2010,587520,927090,1514610,1.58
4/19/2010,579230,620600,1199830,1.07
4/20/2010,331538,738461,1069999,2.23
4/21/2010,402045,735419,1137464,1.83
4/22/2010,513582,535038,1048620,1.04
4/23/2010,401005,377346,778351,0.94
4/26/2010,362705,527825,890530,1.46
4/27/2010,526510,714802,1241312,1.36
4/28/2010,421256,594483,1015739,1.41
4/29/2010,373178,501517,874695,1.34
4/30/2010,375495,662680,1038175,1.76
5/3/2010,317022,437195,754217,1.38
5/4/2010,677517,800969,1478486,1.18
5/5/2010,724825,960031,1684856,1.32
5/6/2010,1055877,1272427,2328304,1.21
5/7/2010,947917,1372213,2320130,1.45
5/10/2010,814345,980450,1794795,1.2
5/11/2010,643366,950323,1593689,1.48
5/12/2010,614778,793650,1408428,1.29
5/13/2010,536511,570360,1106871,1.06
5/14/2010,799870,841730,1641600,1.05
5/17/2010,657936,842243,1500179,1.28
5/18/2010,811384,997571,1808955,1.23
5/19/2010,860287,1708070,2568357,1.99
5/20/2010,1097150,1843304,2940454,1.68
5/21/2010,700963,1218954,1919917,1.74
5/24/2010,524903,632562,1157465,1.21
5/25/2010,629166,946955,1576121,1.51
5/26/2010,563332,850679,1414011,1.51
5/27/2010,504521,676391,1180912,1.34
5/28/2010,425364,515942,941306,1.21
6/1/2010,367759,377006,744765,1.03
6/2/2010,505905,481585,987490,0.95
6/3/2010,339337,539263,878600,1.59
6/4/2010,544609,656922,1201531,1.21
6/7/2010,475979,518289,994268,1.09
6/8/2010,667055,898064,1565119,1.35
6/9/2010,489381,740640,1230021,1.51
6/10/2010,541211,721683,1262894,1.33
6/11/2010,475237,540336,1015573,1.14
6/14/2010,409917,841964,1251881,2.05
6/15/2010,493602,611369,1104971,1.24
6/16/2010,654419,829548,1483967,1.27
6/17/2010,489355,461087,950442,0.94
6/18/2010,398543,586063,984606,1.47
6/21/2010,313864,664669,978533,2.12
6/22/2010,369628,476463,846091,1.29
6/23/2010,277383,340037,617420,1.23
6/24/2010,488976,447118,936094,0.91
6/25/2010,279495,421343,700838,1.51
6/28/2010,238722,220508,459230,0.92
6/29/2010,522124,620037,1142161,1.19
6/30/2010,456874,535913,992787,1.17
7/1/2010,565672,809941,1375613,1.43
7/2/2010,292277,350924,643201,1.2
7/6/2010,366432,601037,967469,1.64
7/7/2010,509541,474635,984176,0.93
7/8/2010,376652,422394,799046,1.12
7/9/2010,482654,496318,978972,1.03
7/12/2010,408063,644682,1052745,1.58
7/13/2010,675531,831724,1507255,1.23
7/14/2010,631005,621260,1252265,0.98
7/15/2010,612300,507804,1120104,0.83
7/16/2010,360175,545346,905521,1.51
7/19/2010,380783,382058,762841,1
7/20/2010,306355,525065,831420,1.71
7/21/2010,317833,563049,880882,1.77
7/22/2010,416076,516107,932183,1.24
7/23/2010,323113,371092,694205,1.15
7/26/2010,286652,385281,671933,1.34
7/27/2010,314513,464261,778774,1.48
7/28/2010,220359,312050,532409,1.42
7/29/2010,203260,284509,487769,1.4
7/30/2010,319023,304687,623710,0.96
8/2/2010,348664,626851,975515,1.8
8/3/2010,290102,319158,609260,1.1
8/4/2010,274380,427917,702297,1.56
8/5/2010,209006,380935,589941,1.82
8/6/2010,361987,409869,771856,1.13
8/9/2010,337068,383097,720165,1.14
8/10/2010,374822,627403,1002225,1.67
8/11/2010,504922,638702,1143624,1.26
8/12/2010,381362,577061,958423,1.51
8/13/2010,292553,427001,719554,1.46
8/16/2010,436850,471603,908453,1.08
8/17/2010,458845,763966,1222811,1.66
8/18/2010,563016,861756,1424772,1.53
8/19/2010,682140,728403,1410543,1.07
8/20/2010,482290,687157,1169447,1.42
8/23/2010,283241,426981,710222,1.51
8/24/2010,454885,416666,871551,0.92
8/25/2010,328644,529879,858523,1.61
8/26/2010,421918,443272,865190,1.05
8/27/2010,446602,450747,897349,1.01
8/30/2010,291465,435522,726987,1.49
8/31/2010,289199,405306,694505,1.4
9/1/2010,589258,761734,1350992,1.29
9/2/2010,370532,495084,865616,1.34
9/3/2010,400873,720867,1121740,1.8
9/7/2010,291041,471252,762293,1.62
9/8/2010,394956,559983,954939,1.42
9/9/2010,385847,715471,1101318,1.85
9/10/2010,478225,650566,1128791,1.36
9/13/2010,688220,740481,1428701,1.08
9/14/2010,526149,805153,1331302,1.53
9/15/2010,713212,858243,1571455,1.2
9/16/2010,778318,650652,1428970,0.84
9/17/2010,391360,512566,903926,1.31
9/20/2010,325638,510149,835787,1.57
9/21/2010,366380,637655,1004035,1.74
9/22/2010,432720,521901,954621,1.21
9/23/2010,271538,347025,618563,1.28
9/24/2010,327514,398984,726498,1.22
9/27/2010,284938,391832,676770,1.38
9/28/2010,252437,584349,836786,2.31
9/29/2010,282811,398666,681477,1.41
9/30/2010,357735,435402,793137,1.22
10/1/2010,356475,403574,760049,1.13
10/4/2010,367457,352574,720031,0.96
10/5/2010,652131,809646,1461777,1.24
10/6/2010,352864,513826,866690,1.46
10/7/2010,381032,406797,787829,1.07
10/8/2010,418485,538576,957061,1.29
10/11/2010,527721,591607,1119328,1.12
10/12/2010,488371,855520,1343891,1.75
10/13/2010,1051643,939012,1990655,0.89
10/14/2010,720851,877594,1598445,1.22
10/15/2010,476632,574113,1050745,1.2
10/18/2010,371567,386852,758419,1.04
10/19/2010,463598,508231,971829,1.1
10/20/2010,520142,746923,1267065,1.44
10/21/2010,494470,494141,988611,1
10/22/2010,448368,479739,928107,1.07
10/25/2010,342927,553792,896719,1.61
10/26/2010,252794,530799,783593,2.1
10/27/2010,330307,460665,790972,1.39
10/28/2010,333252,422039,755291,1.27
10/29/2010,322953,600573,923526,1.86
11/1/2010,305774,424495,730269,1.39
11/2/2010,401549,403400,804949,1
11/3/2010,382398,621025,1003423,1.62
11/4/2010,812608,1170750,1983358,1.44
11/5/2010,520457,656419,1176876,1.26
11/8/2010,319866,357397,677263,1.12
11/9/2010,372725,543593,916318,1.46
11/10/2010,388817,453769,842586,1.17
11/11/2010,378299,369223,747522,0.98
11/12/2010,591545,735389,1326934,1.24
11/15/2010,444355,440700,885055,0.99
11/16/2010,745501,944696,1690197,1.27
11/17/2010,618700,888781,1507481,1.44
11/18/2010,723652,718665,1442317,0.99
11/19/2010,853994,531230,1385224,0.62
11/22/2010,402254,429419,831673,1.07
11/23/2010,358198,499447,857645,1.39
11/24/2010,346291,424396,770687,1.23
11/26/2010,273384,197024,470408,0.72
11/29/2010,327614,450385,777999,1.37
11/30/2010,395892,531853,927745,1.34
12/1/2010,430875,547515,978390,1.27
12/2/2010,567745,583303,1151048,1.03
12/3/2010,478579,571574,1050153,1.19
12/6/2010,469997,482737,952734,1.03
12/7/2010,620019,624656,1244675,1.01
12/8/2010,415097,504855,919952,1.22
12/9/2010,510008,605131,1115139,1.19
12/10/2010,544215,675951,1220166,1.24
12/13/2010,596680,557532,1154212,0.93
12/14/2010,639083,455951,1095034,0.71
12/15/2010,723550,532596,1256146,0.74
12/16/2010,733819,508519,1242338,0.69
12/17/2010,585348,619948,1205296,1.06
12/20/2010,313965,398245,712210,1.27
12/21/2010,338831,340290,679121,1
12/22/2010,401510,609670,1011180,1.52
12/23/2010,233362,279425,512787,1.2
12/27/2010,112960,146145,259105,1.29
12/28/2010,168827,219068,387895,1.3
12/29/2010,187873,279668,467541,1.49
12/30/2010,218578,335098,553676,1.53
12/31/2010,163810,207153,370963,1.26
1/3/2011,581313,548348,1129661,0.94
1/4/2011,478648,425605,904253,0.89
1/5/2011,542990,534363,1077353,0.98
1/6/2011,609712,462612,1072324,0.76
1/7/2011,364176,479291,843467,1.32
1/10/2011,410106,425443,835549,1.04
1/11/2011,504033,627376,1131409,1.24
1/12/2011,576141,633237,1209378,1.1
1/13/2011,543997,480816,1024813,0.88
1/14/2011,631960,584808,1216768,0.93
1/18/2011,788536,653619,1442155,0.83
1/19/2011,890163,1216511,2106674,1.37
1/20/2011,581460,747079,1328539,1.28
1/21/2011,449553,553417,1002970,1.23
1/24/2011,314988,403099,718087,1.28
1/25/2011,350790,457917,808707,1.31
1/26/2011,498378,564352,1062730,1.13
1/27/2011,415780,744656,1160436,1.79
1/28/2011,622984,819560,1442544,1.32
1/31/2011,340989,625297,966286,1.83
2/1/2011,669576,587787,1257363,0.88
2/2/2011,256351,378531,634882,1.48
2/3/2011,343133,480747,823880,1.4
2/4/2011,447687,476745,924432,1.06
2/7/2011,519969,605422,1125391,1.16
2/8/2011,387230,465338,852568,1.2
2/9/2011,469790,585832,1055622,1.25
2/10/2011,512490,431816,944306,0.84
2/11/2011,524823,586424,1111247,1.12
2/14/2011,404192,636546,1040738,1.57
2/15/2011,609280,503883,1113163,0.83
2/16/2011,696754,981940,1678694,1.41
2/17/2011,735300,701793,1437093,0.95
2/18/2011,513316,605366,1118682,1.18
2/22/2011,525668,756963,1282631,1.44
2/23/2011,751511,744742,1496253,0.99
2/24/2011,528125,679022,1207147,1.29
2/25/2011,452144,611771,1063915,1.35
2/28/2011,299129,536818,835947,1.79
3/1/2011,466856,611057,1077913,1.31
3/2/2011,623256,555126,1178382,0.89
3/3/2011,547400,641811,1189211,1.17
3/4/2011,691529,647479,1339008,0.94
3/7/2011,521221,468202,989423,0.9
3/8/2011,510385,656010,1166395,1.29
3/9/2011,319681,541692,861373,1.69
3/10/2011,835695,727787,1563482,0.87
3/11/2011,518495,755413,1273908,1.46
3/14/2011,865915,885699,1751614,1.02
3/15/2011,1296637,1176191,2472828,0.91
3/16/2011,1144638,1493846,2638484,1.31
3/17/2011,1025768,1079249,2105017,1.05
3/18/2011,521076,651582,1172658,1.25
3/21/2011,532816,594082,1126898,1.11
3/22/2011,646919,494538,1141457,0.76
3/23/2011,460249,450208,910457,0.98
3/24/2011,439824,569886,1009710,1.3
3/25/2011,546014,632439,1178453,1.16
3/28/2011,317126,384807,701933,1.21
3/29/2011,265742,365241,630983,1.37
3/30/2011,508658,476036,984694,0.94
3/31/2011,290823,442230,733053,1.52
4/1/2011,486158,706983,1193141,1.45
4/4/2011,315512,441800,757312,1.4
4/5/2011,412691,445047,857738,1.08
4/6/2011,390966,312792,703758,0.8
4/7/2011,340477,441996,782473,1.3
4/8/2011,550614,509449,1060063,0.93
4/11/2011,361354,442660,804014,1.23
4/12/2011,543191,634027,1177218,1.17
4/13/2011,761495,545653,1307148,0.72
4/14/2011,675111,708314,1383425,1.05
4/15/2011,402071,673841,1075912,1.68
4/18/2011,537818,511874,1049692,0.95
4/19/2011,532707,513704,1046411,0.96
4/20/2011,578609,797605,1376214,1.38
4/21/2011,439237,557479,996716,1.27
4/25/2011,199578,166784,366362,0.84
4/26/2011,479750,423132,902882,0.88
4/27/2011,412828,510921,923749,1.24
4/28/2011,584083,533928,1118011,0.91
4/29/2011,485110,612528,1097638,1.26
5/2/2011,384619,420133,804752,1.09
5/3/2011,436120,481999,918119,1.11
5/4/2011,357776,503390,861166,1.41
5/5/2011,426531,711645,1138176,1.67
5/6/2011,503173,546776,1049949,1.09
5/9/2011,376431,283640,660071,0.75
5/10/2011,469902,461373,931275,0.98
5/11/2011,419859,543198,963057,1.29
5/12/2011,446429,423066,869495,0.95
5/13/2011,496851,423054,919905,0.85
5/16/2011,584266,640796,1225062,1.1
5/17/2011,668319,768175,1436494,1.15
5/18/2011,771099,750433,1521532,0.97
5/19/2011,774385,882326,1656711,1.14
5/20/2011,541765,636592,1178357,1.18
5/23/2011,471037,672123,1143160,1.43
5/24/2011,387581,383349,770930,0.99
5/25/2011,378256,350161,728417,0.93
5/26/2011,410961,520704,931665,1.27
5/27/2011,538325,368714,907039,0.68
5/31/2011,597800,382264,980064,0.64
6/1/2011,513100,712812,1225912,1.39
6/2/2011,440600,489714,930314,1.11
6/3/2011,385113,784830,1169943,2.04
6/6/2011,513474,586675,1100149,1.14
6/7/2011,546892,640259,1187151,1.17
6/8/2011,671123,644962,1316085,0.96
6/9/2011,496373,475089,971462,0.96
6/10/2011,707685,726906,1434591,1.03
6/13/2011,662245,680463,1342708,1.03
6/14/2011,777972,911123,1689095,1.17
6/15/2011,1033733,1410869,2444602,1.36
6/16/2011,1238923,1097363,2336286,0.89
6/17/2011,665323,698400,1363723,1.05
6/20/2011,411561,476373,887934,1.16
6/21/2011,518486,590493,1108979,1.14
6/22/2011,522988,522324,1045312,1
6/23/2011,525149,690736,1215885,1.32
6/24/2011,368561,558178,926739,1.51
6/27/2011,636814,478148,1114962,0.75
6/28/2011,546585,555782,1102367,1.02
6/29/2011,616884,608728,1225612,0.99
6/30/2011,735433,756724,1492157,1.03
7/1/2011,791911,896878,1688789,1.13
7/5/2011,451368,689154,1140522,1.53
7/6/2011,392270,509215,901485,1.3
7/7/2011,751350,787589,1538939,1.05
7/8/2011,491587,568481,1060068,1.16
7/11/2011,668133,902317,1570450,1.35
7/12/2011,670100,837285,1507385,1.25
7/13/2011,521032,688661,1209693,1.32
7/14/2011,938923,978924,1917847,1.04
7/15/2011,521912,746719,1268631,1.43
7/18/2011,633819,688203,1322022,1.09
7/19/2011,741615,507589,1249204,0.68
7/20/2011,704293,537543,1241836,0.76
7/21/2011,857034,547895,1404929,0.64
7/22/2011,538630,447148,985778,0.83
7/25/2011,406787,373221,780008,0.92
7/26/2011,451961,403610,855571,0.89
7/27/2011,648012,791336,1439348,1.22
7/28/2011,580086,624902,1204988,1.08
7/29/2011,741832,909065,1650897,1.23
8/1/2011,660853,789482,1450335,1.19
8/2/2011,943756,1060349,2004105,1.12
8/3/2011,824946,991329,1816275,1.2
8/4/2011,1364421,1523443,2887864,1.12
8/5/2011,1578207,1929277,3507484,1.22
8/8/2011,1432850,1899323,3332173,1.33
8/9/2011,1216184,1907442,3123626,1.57
8/10/2011,958943,1345500,2304443,1.4
8/11/2011,1021456,1291438,2312894,1.26
8/12/2011,788967,1027214,1816181,1.3
8/15/2011,639996,1029301,1669297,1.61
8/16/2011,993842,973469,1967311,0.98
8/17/2011,805377,1319085,2124462,1.64
8/18/2011,1236749,1742613,2979362,1.41
8/19/2011,825648,937514,1763162,1.14
8/22/2011,473799,702164,1175963,1.48
8/23/2011,667159,779037,1446196,1.17
8/24/2011,532078,819022,1351100,1.54
8/25/2011,472235,744118,1216353,1.58
8/26/2011,648088,964356,1612444,1.49
8/29/2011,484222,827014,1311236,1.71
8/30/2011,461013,668099,1129112,1.45
8/31/2011,717169,829614,1546783,1.16
9/1/2011,597972,761554,1359526,1.27
9/2/2011,505337,781876,1287213,1.55
9/6/2011,584355,920247,1504602,1.57
9/7/2011,768783,825537,1594320,1.07
9/8/2011,568426,695394,1263820,1.22
9/9/2011,857896,1190811,2048707,1.39
9/12/2011,736346,1025346,1761692,1.39
9/13/2011,738106,895326,1633432,1.21
9/14/2011,815151,1018821,1833972,1.25
9/15/2011,869882,1061041,1930923,1.22
9/16/2011,750959,871190,1622149,1.16
9/19/2011,496525,542030,1038555,1.09
9/20/2011,479295,629569,1108864,1.31
9/21/2011,618521,1125418,1743939,1.82
9/22/2011,793376,1180120,1973496,1.49
9/23/2011,504785,739600,1244385,1.47
9/26/2011,287705,573509,861214,1.99
9/27/2011,439192,673785,1112977,1.53
9/28/2011,285692,593450,879142,2.08
9/29/2011,340059,595504,935563,1.75
9/30/2011,557973,688968,1246941,1.23
10/3/2011,597172,967797,1564969,1.62
10/4/2011,764684,1143771,1908455,1.5
10/5/2011,514306,814455,1328761,1.58
10/6/2011,534183,837923,1372106,1.57
10/7/2011,397158,739955,1137113,1.86
10/10/2011,416428,707159,1123587,1.7
10/11/2011,449958,974052,1424010,2.16
10/12/2011,672535,1208957,1881492,1.8
10/13/2011,481127,566978,1048105,1.18
10/14/2011,608329,749243,1357572,1.23
10/17/2011,537798,750683,1288481,1.4
10/18/2011,619705,757891,1377596,1.22
10/19/2011,690976,1081514,1772490,1.57
10/20/2011,656141,948302,1604443,1.45
10/21/2011,554139,781701,1335840,1.41
10/24/2011,555692,915194,1470886,1.65
10/25/2011,345643,527654,873297,1.53
10/26/2011,310384,458852,769236,1.48
10/27/2011,1033629,1330991,2364620,1.29
10/28/2011,497573,758648,1256221,1.52
10/31/2011,358964,680529,1039493,1.9
11/1/2011,666437,1118933,1785370,1.68
11/2/2011,396570,647779,1044349,1.63
11/3/2011,504873,656713,1161586,1.3
11/4/2011,369603,406625,776228,1.1
11/7/2011,283148,442506,725654,1.56
11/8/2011,476568,685548,1162116,1.44
11/9/2011,692408,992184,1684592,1.43
11/10/2011,409000,637121,1046121,1.56
11/11/2011,591941,597345,1189286,1.01
11/14/2011,537807,695435,1233242,1.29
11/15/2011,592765,668393,1261158,1.13
11/16/2011,565852,1179691,1745543,2.08
11/17/2011,845252,1272696,2117948,1.51
11/18/2011,990085,577309,1567394,0.58
11/21/2011,437444,632766,1070210,1.45
11/22/2011,404949,559607,964556,1.38
11/23/2011,480791,880775,1361566,1.83
11/25/2011,243558,376723,620281,1.55
11/28/2011,311903,467040,778943,1.5
11/29/2011,309391,495600,804991,1.6
11/30/2011,659943,878198,1538141,1.33
12/1/2011,540130,690052,1230182,1.28
12/2/2011,547391,647932,1195323,1.18
12/5/2011,487371,576787,1064158,1.18
12/6/2011,527761,436065,963826,0.83
12/7/2011,508541,512022,1020563,1.01
12/8/2011,520226,554497,1074723,1.07
12/9/2011,494498,796361,1290859,1.61
12/12/2011,462471,624996,1087467,1.35
12/13/2011,642031,942771,1584802,1.47
12/14/2011,647115,815231,1462346,1.26
12/15/2011,514700,857650,1372350,1.67
12/16/2011,551903,667362,1219265,1.21
12/19/2011,400628,415373,816001,1.04
12/20/2011,404490,492909,897399,1.22
12/21/2011,436154,661440,1097594,1.52
12/22/2011,334995,555150,890145,1.66
12/23/2011,215265,290717,505982,1.35
12/27/2011,152708,163657,316365,1.07
12/28/2011,266368,274630,540998,1.03
12/29/2011,137976,303115,441091,2.2
12/30/2011,169362,233641,403003,1.38
1/3/2012,435851,443262,879113,1.02
1/4/2012,307830,440099,747929,1.43
1/5/2012,485576,486614,972190,1
1/6/2012,420402,655899,1076301,1.56
1/9/2012,318776,447280,766056,1.4
1/10/2012,616871,607915,1224786,0.99
1/11/2012,337900,454418,792318,1.34
1/12/2012,452473,554447,1006920,1.23
1/13/2012,911999,524121,1436120,0.57
1/17/2012,526029,658703,1184732,1.25
1/18/2012,876238,1009606,1885844,1.15
1/19/2012,821844,882593,1704437,1.07
1/20/2012,485891,753906,1239797,1.55
1/23/2012,386590,667661,1054251,1.73
1/24/2012,349591,335435,685026,0.96
1/25/2012,579391,382954,962345,0.66
1/26/2012,455983,646055,1102038,1.42
1/27/2012,376876,453625,830501,1.2
1/30/2012,311945,366947,678892,1.18
1/31/2012,319274,349210,668484,1.09
2/1/2012,615251,572591,1187842,0.93
2/2/2012,373551,493393,866944,1.32
2/3/2012,981239,858549,1839788,0.87
2/6/2012,341921,400417,742338,1.17
2/7/2012,748834,496202,1245036,0.66
2/8/2012,553099,566487,1119586,1.02
2/9/2012,485256,599189,1084445,1.23
2/10/2012,804099,846269,1650368,1.05
2/13/2012,460127,688524,1148651,1.5
2/14/2012,606111,804145,1410256,1.33
2/15/2012,754872,1103686,1858558,1.46
2/16/2012,729784,987339,1717123,1.35
2/17/2012,470460,588395,1058855,1.25
2/21/2012,599435,672514,1271949,1.12
2/22/2012,582447,674845,1257292,1.16
2/23/2012,563751,696337,1260088,1.24
2/24/2012,418981,720087,1139068,1.72
2/27/2012,401920,427026,828946,1.06
2/28/2012,415679,405461,821140,0.98
2/29/2012,444838,770970,1215808,1.73
3/1/2012,351287,589828,941115,1.68
3/2/2012,475812,608221,1084033,1.28
3/5/2012,401585,471956,873541,1.18
3/6/2012,595699,776083,1371782,1.3
3/7/2012,420780,618792,1039572,1.47
3/8/2012,560070,554404,1114474,0.99
3/9/2012,490098,704786,1194884,1.44
3/12/2012,426309,481439,907748,1.13
3/13/2012,686848,878985,1565833,1.28
3/14/2012,884032,703519,1587551,0.8
3/15/2012,708484,675529,1384013,0.95
3/16/2012,419281,757928,1177209,1.81
3/19/2012,672945,746099,1419044,1.11
3/20/2012,547727,663664,1211391,1.21
3/21/2012,851248,1120115,1971363,1.32
3/22/2012,391446,656467,1047913,1.68
3/23/2012,401780,639223,1041003,1.59
3/26/2012,551118,787797,1338915,1.43
3/27/2012,463870,789840,1253710,1.7
3/28/2012,466208,718619,1184827,1.54
3/29/2012,484677,647030,1131707,1.33
3/30/2012,410772,543232,954004,1.32
4/2/2012,467797,557513,1025310,1.19
4/3/2012,384833,629537,1014370,1.64
4/4/2012,464059,554030,1018089,1.19
4/5/2012,527823,687203,1215026,1.3
4/9/2012,337902,542572,880474,1.61
4/10/2012,883336,924432,1807768,1.05
4/11/2012,583772,712381,1296153,1.22
4/12/2012,564926,785005,1349931,1.39
4/13/2012,605126,624828,1229954,1.03
4/16/2012,528462,682160,1210622,1.29
4/17/2012,767818,738127,1505945,0.96
4/18/2012,578019,805913,1383932,1.39
4/19/2012,632156,850777,1482933,1.35
4/20/2012,505199,468200,973399,0.93
4/23/2012,423578,393415,816993,0.93
4/24/2012,316893,408339,725232,1.29
4/25/2012,399335,472746,872081,1.18
4/26/2012,571524,493392,1064916,0.86
4/27/2012,422244,478351,900595,1.13
4/30/2012,497540,460566,958106,0.93
5/1/2012,433891,560975,994866,1.29
5/2/2012,483608,481192,964800,1
5/3/2012,548516,494947,1043463,0.9
5/4/2012,671127,715376,1386503,1.07
5/7/2012,482889,425816,908705,0.88
5/8/2012,572395,762923,1335318,1.33
5/9/2012,561355,634511,1195866,1.13
5/10/2012,472764,608472,1081236,1.29
5/11/2012,388730,610350,999080,1.57
5/14/2012,632505,930623,1563128,1.47
5/15/2012,816580,911832,1728412,1.12
5/16/2012,1007919,1110028,2117947,1.1
5/17/2012,854597,1587739,2442336,1.86
5/18/2012,765730,1149943,1915673,1.5
5/21/2012,583025,703217,1286242,1.21
5/22/2012,675835,778477,1454312,1.15
5/23/2012,627036,649932,1276968,1.04
5/24/2012,785016,769474,1554490,0.98
5/25/2012,351619,637475,989094,1.81
5/29/2012,497161,552778,1049939,1.11
5/30/2012,444960,472657,917617,1.06
5/31/2012,595550,732936,1328486,1.23
6/1/2012,723674,1050274,1773948,1.45
6/4/2012,609913,705508,1315421,1.16
6/5/2012,463055,620153,1083208,1.34
6/6/2012,743282,1024202,1767484,1.38
6/7/2012,823570,847763,1671333,1.03
6/8/2012,571298,508710,1080008,0.89
06/11/2012, 706165, 527940, 1234105, 0.75
06/12/2012, 484475, 580037, 1064512, 1.20
06/13/2012, 413281, 606223, 1019504, 1.47
06/14/2012, 706702, 777665, 1484367, 1.10
06/15/2012, 617932, 921107, 1539039, 1.49
06/18/2012, 600801, 900177, 1500978, 1.50
06/19/2012, 759571, 871524, 1631095, 1.15
06/20/2012, 645448, 677320, 1322768, 1.05
06/21/2012, 583833, 756836, 1340669, 1.30
06/22/2012, 438996, 522793, 961789, 1.19
06/25/2012, 384755, 566620, 951375, 1.47
06/26/2012, 315441, 363048, 678489, 1.15
06/27/2012, 336730, 398149, 734879, 1.18
06/28/2012, 432791, 391084, 823875, 0.90
06/29/2012, 680620, 688440, 1369060, 1.01
07/02/2012, 405072, 529165, 934237, 1.31
07/03/2012, 364896, 402433, 767329, 1.10
07/05/2012, 469529, 423863, 893392, 0.90
07/06/2012, 380112, 434238, 814350, 1.14
07/09/2012, 432130, 448973, 881103, 1.04
07/10/2012, 457869, 495101, 952970, 1.08
07/11/2012, 575802, 458084, 1033886, 0.80
07/12/2012, 758370, 808215, 1566585, 1.07
07/13/2012, 511256, 719984, 1231240, 1.41
07/16/2012, 410829, 450547, 861376, 1.10
07/17/2012, 840902, 663998, 1504900, 0.79
07/18/2012, 935654, 830369, 1766023, 0.89
07/19/2012, 868627, 743953, 1612580, 0.86
07/20/2012, 481338, 536143, 1017481, 1.11
07/23/2012, 535524, 433667, 969191, 0.81
07/24/2012, 606899, 523460, 1130359, 0.86
07/25/2012, 476083, 409400, 885483, 0.86
07/26/2012, 406621, 503192, 909813, 1.24
07/27/2012, 660922, 667700, 1328622, 1.01
07/30/2012, 478587, 355383, 833970, 0.74
07/31/2012, 368158, 309441, 677599, 0.84
08/01/2012, 388909, 461347, 850256, 1.19
08/02/2012, 515525, 535439, 1050964, 1.04
08/03/2012, 695055, 759136, 1454191, 1.09
08/06/2012, 734420, 625370, 1359790, 0.85
08/07/2012, 523769, 487520, 1011289, 0.93
08/08/2012, 395070, 351105, 746175, 0.89
08/09/2012, 428829, 452294, 881123, 1.05
08/10/2012, 332338, 375109, 707447, 1.13
08/13/2012, 735631, 653302, 1388933, 0.89
08/14/2012, 535917, 587808, 1123725, 1.10
08/15/2012, 560007, 411182, 971189, 0.73
08/16/2012, 967843, 939903, 1907746, 0.97
08/17/2012, 546857, 538165, 1085022, 0.98
08/20/2012, 426066, 698874, 1124940, 1.64
08/21/2012, 631002, 609249, 1240251, 0.97
08/22/2012, 609547, 665945, 1275492, 1.09
08/23/2012, 476871, 562183, 1039054, 1.18
08/24/2012, 406897, 388640, 795537, 0.96
08/27/2012, 273564, 299712, 573276, 1.10
08/28/2012, 275669, 307968, 583637, 1.12
08/29/2012, 291213, 309384, 600597, 1.06
08/30/2012, 427816, 530071, 957887, 1.24
08/31/2012, 346512, 475804, 822316, 1.37
09/04/2012, 378526, 421797, 800323, 1.11
09/05/2012, 406612, 409404, 816016, 1.01
09/06/2012, 822141, 867948, 1690089, 1.06
09/07/2012, 1056364, 979167, 2035531, 0.93
09/10/2012, 722684, 553314, 1275998, 0.77
09/11/2012, 1122362, 912140, 2034502, 0.81
09/12/2012, 720161, 557460, 1277621, 0.77
09/13/2012, 1051993, 944320, 1996313, 0.90
09/14/2012, 1047937, 944362, 1992299, 0.90
09/17/2012, 445968, 536515, 982483, 1.20
09/18/2012, 634262, 710234, 1344496, 1.12
09/19/2012, 1043380, 756905, 1800285, 0.73
09/20/2012, 882808, 743752, 1626560, 0.84
09/21/2012, 653223, 662089, 1315312, 1.01
09/24/2012, 486757, 457036, 943793, 0.94
09/25/2012, 553177, 554880, 1108057, 1.00
09/26/2012, 601127, 599055, 1200182, 1.00
09/27/2012, 562263, 578369, 1140632, 1.03
09/28/2012, 642107, 600664, 1242771, 0.94
10/01/2012, 417147, 440477, 857624, 1.06
10/02/2012, 302115, 396448, 698563, 1.31
10/03/2012, 462347, 526092, 988439, 1.14
10/04/2012, 487028, 546257, 1033285, 1.12
10/05/2012, 643724, 662281, 1306005, 1.03
10/08/2012, 273553, 351255, 624808, 1.28
10/09/2012, 489329, 525966, 1015295, 1.07
10/10/2012, 669347, 684061, 1353408, 1.02
10/11/2012, 494936, 564963, 1059899, 1.14
10/12/2012, 579804, 737219, 1317023, 1.27
10/15/2012, 723665, 457182, 1180847, 0.63
10/16/2012, 738545, 644977, 1383522, 0.87
10/17/2012, 1228686, 1029453, 2258139, 0.84
10/18/2012, 920510, 876311, 1796821, 0.95
10/19/2012, 689771, 916400, 1606171, 1.33
10/22/2012, 514868, 567625, 1082493, 1.10
10/23/2012, 748900, 648639, 1397539, 0.87
10/24/2012, 431102, 423290, 854392, 0.98
10/25/2012, 790476, 487866, 1278342, 0.62
10/26/2012, 382861, 507108, 889969, 1.32
10/31/2012, 498454, 464176, 962630, 0.93
11/01/2012, 504589, 634961, 1139550, 1.26
11/02/2012, 756772, 555031, 1311803, 0.73
11/05/2012, 547675, 490358, 1038033, 0.90
11/06/2012, 477902, 492591, 970493, 1.03
11/07/2012, 784927, 815613, 1600540, 1.04
11/08/2012, 704196, 863566, 1567762, 1.23
11/09/2012, 623886, 941278, 1565164, 1.51
11/12/2012, 599811, 687284, 1287095, 1.15
11/13/2012, 996377, 645405, 1641782, 0.65
11/14/2012, 898486, 1099091, 1997577, 1.22
11/15/2012, 885568, 1202151, 2087719, 1.36
11/16/2012, 925671, 946911, 1872582, 1.02
11/19/2012, 1020254, 794337, 1814591, 0.78
11/20/2012, 461150, 782224, 1243374, 1.70
11/21/2012, 696031, 697130, 1393161, 1.00
11/23/2012, 398597, 433299, 831896, 1.09
11/26/2012, 1060422, 494542, 1554964, 0.47
11/27/2012, 538808, 557857, 1096665, 1.04
11/28/2012, 516557, 416573, 933130, 0.81
11/29/2012, 654579, 780521, 1435100, 1.19
11/30/2012, 412291, 553248, 965539, 1.34
12/03/2012, 732130, 598339, 1330469, 0.82
12/04/2012, 499000, 538318, 1037318, 1.08
12/05/2012, 516096, 507082, 1023178, 0.98
12/06/2012, 387000, 515720, 902720, 1.33
12/07/2012, 743681, 561579, 1305260, 0.76
12/10/2012, 509493, 504859, 1014352, 0.99
12/11/2012, 736450, 555640, 1292090, 0.75
12/12/2012, 604844, 747998, 1352842, 1.24
12/13/2012, 631358, 609911, 1241269, 0.97
12/14/2012, 674914, 685020, 1359934, 1.01
12/17/2012, 589821, 452242, 1042063, 0.77
12/18/2012, 1032675, 1003471, 2036146, 0.97
12/19/2012, 959661, 995218, 1954879, 1.04
12/20/2012, 868239, 964914, 1833153, 1.11
12/21/2012, 672764, 961136, 1633900, 1.43
12/24/2012, 183134, 266142, 449276, 1.45
12/26/2012, 309730, 414672, 724402, 1.34
12/27/2012, 624357, 745939, 1370296, 1.19
12/28/2012, 543254, 708387, 1251641, 1.30
12/31/2012, 772825, 806000, 1578825, 1.04
01/02/2013, 1015907, 1180352, 2196259, 1.16
01/03/2013, 910062, 918920, 1828982, 1.01
01/04/2013, 833377, 642335, 1475712, 0.77
01/07/2013, 815194, 825598, 1640792, 1.01
01/08/2013, 769695, 674135, 1443830, 0.88
01/09/2013, 713716, 685732, 1399448, 0.96
01/10/2013, 860236, 601878, 1462114, 0.70
01/11/2013, 1035053, 566418, 1601471, 0.55
01/14/2013, 596680, 575960, 1172640, 0.97
01/15/2013, 666767, 823405, 1490172, 1.23
01/16/2013, 988267, 863790, 1852057, 0.87
01/17/2013, 1035049, 874305, 1909354, 0.84
01/18/2013, 921303, 713759, 1635062, 0.77
01/22/2013, 826367, 912165, 1738532, 1.10
01/23/2013, 786043, 691534, 1477577, 0.88
01/24/2013, 1097436, 920503, 2017939, 0.84
01/25/2013, 618073, 585089, 1203162, 0.95
01/28/2013, 420814, 427125, 847939, 1.01
01/29/2013, 555646, 635871, 1191517, 1.14
01/30/2013, 520787, 596663, 1117450, 1.15
01/31/2013, 739598, 546931, 1286529, 0.74
02/01/2013, 667026, 760484, 1427510, 1.14
02/04/2013, 443055, 628235, 1071290, 1.42
02/05/2013, 480037, 471053, 951090, 0.98
02/06/2013, 453444, 582237, 1035681, 1.28
02/07/2013, 446056, 560593, 1006649, 1.26
02/08/2013, 563201, 678849, 1242050, 1.21
02/11/2013, 394625, 548454, 943079, 1.39
02/12/2013, 733014, 766418, 1499432, 1.05
02/13/2013, 898321, 717979, 1616300, 0.80
02/14/2013, 873039, 656626, 1529665, 0.75
02/15/2013, 656648, 771515, 1428163, 1.17
02/19/2013, 631624, 811283, 1442907, 1.28
02/20/2013, 702721, 826039, 1528760, 1.18
02/21/2013, 884177, 1075590, 1959767, 1.22
02/22/2013, 497913, 631340, 1129253, 1.27
02/25/2013, 760742, 896484, 1657226, 1.18
02/26/2013, 1356980, 1177209, 2534189, 0.87
02/27/2013, 760471, 931455, 1691926, 1.22
02/28/2013, 568766, 610161, 1178927, 1.07
03/01/2013, 629174, 772651, 1401825, 1.23
03/04/2013, 455772, 672765, 1128537, 1.48
03/05/2013, 850138, 942705, 1792843, 1.11
03/06/2013, 893415, 626237, 1519652, 0.70
03/07/2013, 471347, 543364, 1014711, 1.15
03/08/2013, 967761, 897580, 1865341, 0.93
03/11/2013, 804800, 863734, 1668534, 1.07
03/12/2013, 798660, 876110, 1674770, 1.10
03/13/2013, 784620, 572521, 1357141, 0.73
03/14/2013, 1180232, 866121, 2046353, 0.73
03/15/2013, 669239, 755392, 1424631, 1.13
03/18/2013, 857974, 744793, 1602767, 0.87
03/19/2013, 1260084, 1025769, 2285853, 0.81
03/20/2013, 1429846, 888881, 2318727, 0.62
03/21/2013, 945116, 715008, 1660124, 0.76
03/22/2013, 856185, 711755, 1567940, 0.83
03/25/2013, 885124, 661993, 1547117, 0.75
03/26/2013, 631584, 486699, 1118283, 0.77
03/27/2013, 601877, 426465, 1028342, 0.71
03/28/2013, 584444, 570091, 1154535, 0.98
04/01/2013, 391059, 324680, 715739, 0.83
04/02/2013, 764469, 563283, 1327752, 0.74
04/03/2013, 759450, 752339, 1511789, 0.99
04/04/2013, 588636, 657518, 1246154, 1.12
04/05/2013, 781353, 665905, 1447258, 0.85
04/08/2013, 492675, 400762, 893437, 0.81
04/09/2013, 1068953, 518584, 1587537, 0.49
04/10/2013, 1066150, 861369, 1927519, 0.81
04/11/2013, 956142, 777675, 1733817, 0.81
04/12/2013, 693534, 789468, 1483002, 1.14
04/15/2013, 1349333, 1226320, 2575653, 0.91
04/16/2013, 1150153, 765883, 1916036, 0.67
04/17/2013, 1100008, 1266080, 2366088, 1.15
04/18/2013, 993283, 1216499, 2209782, 1.22
04/19/2013, 577978, 658756, 1236734, 1.14
04/22/2013, 405530, 463210, 868740, 1.14
04/23/2013, 777039, 735392, 1512431, 0.95
04/24/2013, 643934, 520453, 1164387, 0.81
04/25/2013, 437752, 492982, 930734, 1.13
04/26/2013, 496151, 506721, 1002872, 1.02
04/29/2013, 403672, 426072, 829744, 1.06
04/30/2013, 561664, 450292, 1011956, 0.80
05/01/2013, 513121, 574069, 1087190, 1.12
05/02/2013, 674114, 676712, 1350826, 1.00
05/03/2013, 1044697, 967541, 2012238, 0.93
05/06/2013, 685890, 591303, 1277193, 0.86
05/07/2013, 637151, 681222, 1318373, 1.07
05/08/2013, 777186, 681748, 1458934, 0.88
05/09/2013, 779550, 793645, 1573195, 1.02
05/10/2013, 1006352, 648424, 1654776, 0.64
05/13/2013, 528305, 505393, 1033698, 0.96
05/14/2013, 1057944, 1011705, 2069649, 0.96
05/15/2013, 1250028, 862474, 2112502, 0.69
05/16/2013, 711749, 961918, 1673667, 1.35
05/17/2013, 1003016, 958160, 1961176, 0.96
05/20/2013, 733769, 674288, 1408057, 0.92
05/21/2013, 924652, 907806, 1832458, 0.98
05/22/2013, 1187240, 1173041, 2360281, 0.99
05/23/2013, 788505, 768865, 1557370, 0.98
05/24/2013, 456725, 796980, 1253705, 1.74
05/28/2013, 516023, 575239, 1091262, 1.11
05/29/2013, 808959, 571726, 1380685, 0.71
05/30/2013, 470611, 496218, 966829, 1.05
05/31/2013, 594310, 874699, 1469009, 1.47
06/03/2013, 787500, 732310, 1519810, 0.93
06/04/2013, 474306, 661608, 1135914, 1.39
06/05/2013, 945626, 1167477, 2113103, 1.23
06/06/2013, 898605, 1327650, 2226255, 1.48
06/07/2013, 738881, 900053, 1638934, 1.22
06/10/2013, 474696, 555382, 1030078, 1.17
06/11/2013, 792559, 659007, 1451566, 0.83
06/12/2013, 726642, 846055, 1572697, 1.16
06/13/2013, 787881, 909961, 1697842, 1.15
06/14/2013, 735098, 959690, 1694788, 1.31
06/17/2013, 802226, 835903, 1638129, 1.04
06/18/2013, 842031, 711141, 1553172, 0.84
06/19/2013, 868996, 996792, 1865788, 1.15
06/20/2013, 1388202, 1946189, 3334391, 1.40
06/21/2013, 856045, 1123401, 1979446, 1.31
06/24/2013, 804990, 1046299, 1851289, 1.30
06/25/2013, 472835, 731645, 1204480, 1.55
06/26/2013, 739796, 611130, 1350926, 0.83
06/27/2013, 685241, 820051, 1505292, 1.20
06/28/2013, 533065, 653463, 1186528, 1.23
07/01/2013, 556002, 590112, 1146114, 1.06
07/02/2013, 511452, 620551, 1132003, 1.21
07/03/2013, 309917, 436264, 746181, 1.41
07/05/2013, 522459, 635269, 1157728, 1.22
07/08/2013, 1109190, 1140992, 2250182, 1.03
07/09/2013, 980927, 937897, 1918824, 0.96
07/10/2013, 699743, 712538, 1412281, 1.02
07/11/2013, 855514, 1111934, 1967448, 1.30
07/12/2013, 942900, 693175, 1636075, 0.74
07/15/2013, 907831, 854791, 1762622, 0.94
07/16/2013, 710778, 789159, 1499937, 1.11
07/17/2013, 797272, 851113, 1648385, 1.07
07/18/2013, 1079288, 947310, 2026598, 0.88
07/19/2013, 564537, 551303, 1115840, 0.98
07/22/2013, 366473, 487657, 854130, 1.33
07/23/2013, 455883, 457140, 913023, 1.00
07/24/2013, 370402, 460954, 831356, 1.24
07/25/2013, 436296, 521488, 957784, 1.20
07/26/2013, 499752, 662562, 1162314, 1.33
07/29/2013, 298623, 367926, 666549, 1.23
07/30/2013, 457549, 410814, 868363, 0.90
07/31/2013, 626998, 636097, 1263095, 1.01
08/01/2013, 743269, 776601, 1519870, 1.04
08/02/2013, 672820, 775256, 1448076, 1.15
08/05/2013, 610346, 613241, 1223587, 1.00
08/06/2013, 1301263, 711619, 2012882, 0.55
08/07/2013, 540574, 576085, 1116659, 1.07
08/08/2013, 662443, 561891, 1224334, 0.85
08/09/2013, 448963, 555961, 1004924, 1.24
08/12/2013, 539488, 422649, 962137, 0.78
08/13/2013, 678862, 639533, 1318395, 0.94
08/14/2013, 646163, 615581, 1261744, 0.95
08/15/2013, 1330138, 1236987, 2567125, 0.93
08/16/2013, 787775, 813322, 1601097, 1.03
08/19/2013, 606771, 819051, 1425822, 1.35
08/20/2013, 811270, 609735, 1421005, 0.75
08/21/2013, 1034328, 998440, 2032768, 0.97
08/22/2013, 485115, 499604, 984719, 1.03
08/23/2013, 387638, 476716, 864354, 1.23
08/26/2013, 416106, 453274, 869380, 1.09
08/27/2013, 792023, 989255, 1781278, 1.25
08/28/2013, 598796, 612611, 1211407, 1.02
08/29/2013, 519300, 543999, 1063299, 1.05
08/30/2013, 516308, 589384, 1105692, 1.14
09/03/2013, 742302, 613057, 1355359, 0.83
09/04/2013, 747997, 565331, 1313328, 0.76
09/05/2013, 513086, 537713, 1050799, 1.05
09/06/2013, 642419, 715111, 1357530, 1.11
09/09/2013, 793526, 482886, 1276412, 0.61
09/10/2013, 1075613, 739701, 1815314, 0.69
09/11/2013, 812832, 911561, 1724393, 1.12
09/12/2013, 756482, 622957, 1379439, 0.82
09/13/2013, 666287, 515109, 1181396, 0.77
09/16/2013, 753491, 770876, 1524367, 1.02
09/17/2013, 922644, 808024, 1730668, 0.88
09/18/2013, 1275644, 1160654, 2436298, 0.91
09/19/2013, 1043479, 812770, 1856249, 0.78
09/20/2013, 680761, 859261, 1540022, 1.26
09/23/2013, 518283, 698758, 1217041, 1.35
09/24/2013, 502637, 590197, 1092834, 1.17
09/25/2013, 515545, 615449, 1130994, 1.19
09/26/2013, 534293, 492229, 1026522, 0.92
09/27/2013, 814334, 797788, 1612122, 0.98
09/30/2013, 846083, 905117, 1751200, 1.07
10/01/2013, 699374, 684301, 1383675, 0.98
10/02/2013, 984718, 776792, 1761510, 0.79
10/03/2013, 1255756, 1173242, 2428998, 0.93
10/04/2013, 795527, 857671, 1653198, 1.08
10/07/2013, 654649, 634258, 1288907, 0.97
10/08/2013, 1594314, 1378778, 2973092, 0.86
10/09/2013, 1231103, 1363255, 2594358, 1.11
10/10/2013, 1285310, 1196580, 2481890, 0.93
10/11/2013, 756433, 849042, 1605475, 1.12
10/14/2013, 930700, 939499, 1870199, 1.01
10/15/2013, 1149684, 1000434, 2150118, 0.87
10/16/2013, 1338076, 1405161, 2743237, 1.05
10/17/2013, 1340846, 1331395, 2672241, 0.99
10/18/2013, 1424708, 1234122, 2658830, 0.87
10/21/2013, 522189, 601602, 1123791, 1.15
10/22/2013, 647094, 662846, 1309940, 1.02
10/23/2013, 446983, 575425, 1022408, 1.29
10/24/2013, 435835, 482505, 918340, 1.11
10/25/2013, 361202, 477015, 838217, 1.32
10/28/2013, 512046, 603129, 1115175, 1.18
10/29/2013, 519410, 555007, 1074417, 1.07
10/30/2013, 718478, 776637, 1495115, 1.08
10/31/2013, 439857, 605839, 1045696, 1.38
11/01/2013, 468487, 488958, 957445, 1.04
11/04/2013, 574785, 481519, 1056304, 0.84
11/05/2013, 661143, 490045, 1151188, 0.74
11/06/2013, 492586, 541475, 1034061, 1.10
11/07/2013, 923115, 728234, 1651349, 0.79
11/08/2013, 560505, 670650, 1231155, 1.20
11/11/2013, 522753, 499539, 1022292, 0.96
11/12/2013, 662027, 626380, 1288407, 0.95
11/13/2013, 765208, 653918, 1419126, 0.85
11/14/2013, 1133376, 1126766, 2260142, 0.99
11/15/2013, 660888, 692918, 1353806, 1.05
11/18/2013, 786944, 760219, 1547163, 0.97
11/19/2013, 986928, 690501, 1677429, 0.70
11/20/2013, 763844, 834434, 1598278, 1.09
11/21/2013, 692332, 700441, 1392773, 1.01
11/22/2013, 631602, 882016, 1513618, 1.40
11/25/2013, 463491, 532267, 995758, 1.15
11/26/2013, 510134, 429555, 939689, 0.84
11/27/2013, 525853, 474992, 1000845, 0.90
11/29/2013, 363722, 462285, 826007, 1.27
12/02/2013, 565292, 493576, 1058868, 0.87
12/03/2013, 649398, 635793, 1285191, 0.98
12/04/2013, 563817, 666536, 1230353, 1.18
12/05/2013, 617449, 642094, 1259543, 1.04
12/06/2013, 579718, 731290, 1311008, 1.26
12/09/2013, 443171, 598933, 1042104, 1.35
12/10/2013, 533696, 544531, 1078227, 1.02
12/11/2013, 793238, 869076, 1662314, 1.10
12/12/2013, 937166, 694615, 1631781, 0.74
12/13/2013, 725722, 802454, 1528176, 1.11
12/16/2013, 673023, 619725, 1292748, 0.92
12/17/2013, 817524, 840455, 1657979, 1.03
12/18/2013, 1119420, 1118681, 2238101, 1.00
12/19/2013, 1265402, 1041702, 2307104, 0.82
12/20/2013, 903749, 1098473, 2002222, 1.22
12/23/2013, 695846, 515634, 1211480, 0.74
12/24/2013, 543991, 350124, 894115, 0.64
12/26/2013, 720675, 528375, 1249050, 0.73
12/27/2013, 648434, 492025, 1140459, 0.76
12/30/2013, 710253, 544852, 1255105, 0.77
12/31/2013, 731912, 551284, 1283196, 0.75
01/02/2014, 702527, 875622, 1578149, 1.25
01/03/2014, 493132, 711565, 1204697, 1.44
01/06/2014, 735403, 545654, 1281057, 0.74
01/07/2014, 689124, 611258, 1300382, 0.89
01/08/2014, 673944, 645348, 1319292, 0.96
01/09/2014, 1073113, 802927, 1876040, 0.75
01/10/2014, 754723, 701693, 1456416, 0.93
01/13/2014, 1347252, 930160, 2277412, 0.69
01/14/2014, 971663, 681506, 1653169, 0.70
01/15/2014, 793063, 624782, 1417845, 0.79
01/16/2014, 790807, 698137, 1488944, 0.88
01/17/2014, 1094684, 840849, 1935533, 0.77
01/21/2014, 806649, 670977, 1477626, 0.83
01/22/2014, 759241, 869509, 1628750, 1.15
01/23/2014, 983404, 881659, 1865063, 0.90
01/24/2014, 1670486, 1562879, 3233365, 0.94
01/27/2014, 1467744, 1369578, 2837322, 0.93
01/28/2014, 748488, 682273, 1430761, 0.91
01/29/2014, 772090, 946024, 1718114, 1.23
01/30/2014, 737546, 830486, 1568032, 1.13
01/31/2014, 1665045, 1167882, 2832927, 0.70
02/03/2014, 2498842, 1721298, 4220140, 0.69
02/04/2014, 1093539, 1244203, 2337742, 1.14
02/05/2014, 973042, 985601, 1958643, 1.01
02/06/2014, 1112154, 1087178, 2199332, 0.98
02/07/2014, 1484649, 1111378, 2596027, 0.75
02/10/2014, 616001, 646810, 1262811, 1.05
02/11/2014, 1390950, 1407071, 2798021, 1.01
02/12/2014, 699011, 688210, 1387221, 0.98
02/13/2014, 754191, 726782, 1480973, 0.96
02/14/2014, 996963, 1003360, 2000323, 1.01
02/18/2014, 1062234, 837531, 1899765, 0.79
02/19/2014, 1272381, 1160454, 2432835, 0.91
02/20/2014, 946917, 840352, 1787269, 0.89
02/21/2014, 772604, 618599, 1391203, 0.80
02/24/2014, 788027, 701722, 1489749, 0.89
02/25/2014, 571259, 485287, 1056546, 0.85
02/26/2014, 554587, 523381, 1077968, 0.94
02/27/2014, 537343, 591387, 1128730, 1.10
02/28/2014, 1062371, 942601, 2004972, 0.89
03/03/2014, 1060288, 866468, 1926756, 0.82
03/04/2014, 770165, 770542, 1540707, 1.00
03/05/2014, 487915, 638332, 1126247, 1.31
03/06/2014, 612490, 750962, 1363452, 1.23
03/07/2014, 822875, 776439, 1599314, 0.94
03/10/2014, 956016, 673972, 1629988, 0.70
03/11/2014, 786435, 644539, 1430974, 0.82
03/12/2014, 607201, 607550, 1214751, 1.00
03/13/2014, 1245889, 1121262, 2367151, 0.90
03/14/2014, 1870095, 1102638, 2972733, 0.59
03/17/2014, 962086, 800763, 1762849, 0.83
03/18/2014, 1171881, 789615, 1961496, 0.67
03/19/2014, 895639, 763528, 1659167, 0.85
03/20/2014, 687764, 793750, 1481514, 1.15
03/21/2014, 619108, 723057, 1342165, 1.17
03/24/2014, 452708, 656603, 1109311, 1.45
03/25/2014, 609329, 525067, 1134396, 0.86
03/26/2014, 708516, 805245, 1513761, 1.14
03/27/2014, 550175, 633943, 1184118, 1.15
03/28/2014, 746993, 733766, 1480759, 0.98
03/31/2014, 533256, 516384, 1049640, 0.97
04/01/2014, 624944, 1007693, 1632637, 1.61
04/02/2014, 1041931, 641723, 1683654, 0.62
04/03/2014, 587161, 593252, 1180413, 1.01
04/04/2014, 1185343, 961805, 2147148, 0.81
04/07/2014, 909789, 815229, 1725018, 0.90
04/08/2014, 522551, 519490, 1042041, 0.99
04/09/2014, 580608, 544076, 1124684, 0.94
04/10/2014, 976251, 863355, 1839606, 0.88
04/11/2014, 1270346, 1255072, 2525418, 0.99
04/14/2014, 1495699, 916615, 2412314, 0.61
04/15/2014, 1270615, 1004066, 2274681, 0.79
04/16/2014, 867129, 855957, 1723086, 0.99
04/17/2014, 712522, 682164, 1394686, 0.96
04/21/2014, 426765, 429973, 856738, 1.01
04/22/2014, 966006, 688957, 1654963, 0.71
04/23/2014, 314260, 363549, 677809, 1.16
04/24/2014, 436935, 489127, 926062, 1.12
04/25/2014, 508972, 663892, 1172864, 1.30
04/28/2014, 461732, 416494, 878226, 0.90
04/29/2014, 319954, 354723, 674677, 1.11
04/30/2014, 562982, 401215, 964197, 0.71
05/01/2014, 842087, 683497, 1525584, 0.81
05/02/2014, 691022, 654104, 1345126, 0.95
05/05/2014, 440075, 424510, 864585, 0.96
05/06/2014, 616459, 438815, 1055274, 0.71
05/07/2014, 545072, 413577, 958649, 0.76
05/08/2014, 705449, 648783, 1354232, 0.92
05/09/2014, 776425, 599074, 1375499, 0.77
05/12/2014, 1653577, 713334, 2366911, 0.43
05/13/2014, 809428, 720623, 1530051, 0.89
05/14/2014, 685638, 860430, 1546068, 1.25
05/15/2014, 1064328, 1093768, 2158096, 1.03
05/16/2014, 919215, 814726, 1733941, 0.89
05/19/2014, 428358, 490637, 918995, 1.15
05/20/2014, 829739, 831161, 1660900, 1.00
05/21/2014, 1354851, 963825, 2318676, 0.71
05/22/2014, 676263, 576812, 1253075, 0.85
05/23/2014, 880715, 576006, 1456721, 0.65
05/27/2014, 605978, 597328, 1203306, 0.99
05/28/2014, 635102, 588986, 1224088, 0.93
05/29/2014, 808379, 608338, 1416717, 0.75
05/30/2014, 604148, 595828, 1199976, 0.99
06/02/2014, 576080, 674862, 1250942, 1.17
06/03/2014, 386241, 532804, 919045, 1.38
06/04/2014, 737716, 547087, 1284803, 0.74
06/05/2014, 1530656, 1120329, 2650985, 0.73
06/06/2014, 1047904, 1089880, 2137784, 1.04
06/09/2014, 717308, 698549, 1415857, 0.97
06/10/2014, 751511, 582595, 1334106, 0.78
06/11/2014, 712642, 573860, 1286502, 0.81
06/12/2014, 1023436, 809873, 1833309, 0.79
06/13/2014, 1033562, 696486, 1730048, 0.67
06/16/2014, 842679, 658295, 1500974, 0.78
06/17/2014, 880820, 823296, 1704116, 0.93
06/18/2014, 1287257, 1160480, 2447737, 0.90
06/19/2014, 1049566, 935447, 1985013, 0.89
06/20/2014, 883414, 745083, 1628497, 0.84
06/23/2014, 530722, 454269, 984991, 0.86
06/24/2014, 704717, 646864, 1351581, 0.92
06/25/2014, 424722, 485681, 910403, 1.14
06/26/2014, 524590, 553152, 1077742, 1.05
06/27/2014, 447794, 576407, 1024201, 1.29
06/30/2014, 480083, 627700, 1107783, 1.31
07/01/2014, 772719, 811898, 1584617, 1.05
07/02/2014, 599444, 621648, 1221092, 1.04
07/03/2014, 450044, 626148, 1076192, 1.39
07/07/2014, 449114, 605200, 1054314, 1.35
07/08/2014, 1220607, 915292, 2135899, 0.75
07/09/2014, 477906, 516544, 994450, 1.08
07/10/2014, 708003, 752877, 1460880, 1.06
07/11/2014, 722868, 914702, 1637570, 1.27
07/14/2014, 780271, 762298, 1542569, 0.98
07/15/2014, 1006117, 808909, 1815026, 0.80
07/16/2014, 894319, 973852, 1868171, 1.09
07/17/2014, 1385978, 1077885, 2463863, 0.78
07/18/2014, 769088, 853760, 1622848, 1.11
07/21/2014, 497613, 525949, 1023562, 1.06
07/22/2014, 392909, 436230, 829139, 1.11
07/23/2014, 480715, 469178, 949893, 0.98
07/24/2014, 428541, 678245, 1106786, 1.58
07/25/2014, 491009, 733121, 1224130, 1.49
07/28/2014, 366182, 410842, 777024, 1.12
07/29/2014, 379371, 406330, 785701, 1.07
07/30/2014, 746272, 603844, 1350116, 0.81
07/31/2014, 1694283, 1260901, 2955184, 0.74
08/01/2014, 1266681, 1420550, 2687231, 1.12
08/04/2014, 523820, 808645, 1332465, 1.54
08/05/2014, 709705, 786666, 1496371, 1.11
08/06/2014, 675239, 808436, 1483675, 1.20
08/07/2014, 875132, 1032617, 1907749, 1.18
08/08/2014, 730046, 958641, 1688687, 1.31
08/11/2014, 1110053, 694148, 1804201, 0.63
08/12/2014, 632897, 818689, 1451586, 1.29
08/13/2014, 777888, 694082, 1471970, 0.89
08/14/2014, 820784, 859756, 1680540, 1.05
08/15/2014, 1011582, 1204718, 2216300, 1.19
08/18/2014, 708891, 733952, 1442843, 1.04
08/19/2014, 1089472, 962586, 2052058, 0.88
08/20/2014, 932508, 711386, 1643894, 0.76
08/21/2014, 731042, 585031, 1316073, 0.80
08/22/2014, 746460, 682422, 1428882, 0.91
08/25/2014, 581842, 489989, 1071831, 0.84
08/26/2014, 521212, 452619, 973831, 0.87
08/27/2014, 421950, 384521, 806471, 0.91
08/28/2014, 450692, 543851, 994543, 1.21
08/29/2014, 399260, 616831, 1016091, 1.54
09/02/2014, 655148, 468307, 1123455, 0.71
09/03/2014, 489371, 551993, 1041364, 1.13
09/04/2014, 782072, 708681, 1490753, 0.91
09/05/2014, 613587, 760886, 1374473, 1.24
09/08/2014, 470527, 521664, 992191, 1.11
09/09/2014, 569537, 636904, 1206441, 1.12
09/10/2014, 612369, 679325, 1291694, 1.11
09/11/2014, 680336, 709622, 1389958, 1.04
09/12/2014, 1041388, 956373, 1997761, 0.92
09/15/2014, 826628, 732482, 1559110, 0.89
09/16/2014, 1103019, 947913, 2050932, 0.86
09/17/2014, 795590, 758211, 1553801, 0.95
09/18/2014, 721814, 732269, 1454083, 1.01
09/19/2014, 1071170, 860153, 1931323, 0.80
09/22/2014, 595955, 681445, 1277400, 1.14
09/23/2014, 609122, 673666, 1282788, 1.11
09/24/2014, 827992, 657366, 1485358, 0.79
09/25/2014, 1016887, 1020911, 2037798, 1.00
09/26/2014, 898866, 842512, 1741378, 0.94
09/29/2014, 1089528, 721412, 1810940, 0.66
09/30/2014, 515106, 710023, 1225129, 1.38
10/01/2014, 937627, 1202015, 2139642, 1.28
10/02/2014, 1025655, 1030155, 2055810, 1.00
10/03/2014, 936735, 973797, 1910532, 1.04
10/06/2014, 555792, 709453, 1265245, 1.28
10/07/2014, 776268, 844118, 1620386, 1.09
10/08/2014, 1023866, 1172657, 2196523, 1.15
10/09/2014, 1291949, 1116261, 2408210, 0.86
10/10/2014, 1492649, 1586027, 3078676, 1.06
10/13/2014, 1324061, 1896963, 3221024, 1.43
10/14/2014, 1867208, 1647145, 3514353, 0.88
10/15/2014, 2067098, 2667763, 4734861, 1.29
10/16/2014, 1870739, 1799477, 3670216, 0.96
10/17/2014, 807972, 1375376, 2183348, 1.70
10/20/2014, 975667, 1084275, 2059942, 1.11
10/21/2014, 1206830, 1669005, 2875835, 1.38
10/22/2014, 881698, 1193674, 2075372, 1.35
10/23/2014, 1180237, 904833, 2085070, 0.77
10/24/2014, 668302, 639187, 1307489, 0.96
10/27/2014, 387910, 547211, 935121, 1.41
10/28/2014, 991922, 1102092, 2094014, 1.11
10/29/2014, 841461, 949372, 1790833, 1.13
10/30/2014, 674174, 763457, 1437631, 1.13
10/31/2014, 1119665, 1092384, 2212049, 0.98
11/03/2014, 687980, 741079, 1429059, 1.08
11/04/2014, 522295, 541795, 1064090, 1.04
11/05/2014, 570452, 605969, 1176421, 1.06
11/06/2014, 606091, 669707, 1275798, 1.10
11/07/2014, 568372, 747103, 1315475, 1.31
11/10/2014, 599705, 711466, 1311171, 1.19
11/11/2014, 557291, 548886, 1106177, 0.98
11/12/2014, 657652, 603771, 1261423, 0.92
11/13/2014, 684872, 886347, 1571219, 1.29
11/14/2014, 586880, 790155, 1377035, 1.35
11/17/2014, 490062, 587734, 1077796, 1.20
11/18/2014, 670099, 1006333, 1676432, 1.50
11/19/2014, 750545, 788136, 1538681, 1.05
11/20/2014, 548870, 836393, 1385263, 1.52
11/21/2014, 807130, 851929, 1659059, 1.06
11/24/2014, 423945, 515808, 939753, 1.22
11/25/2014, 376449, 502445, 878894, 1.33
11/26/2014, 463300, 551786, 1015086, 1.19
11/28/2014, 393833, 667766, 1061599, 1.70
12/01/2014, 537318, 728687, 1266005, 1.36
12/02/2014, 422395, 759465, 1181860, 1.80
12/03/2014, 691824, 552630, 1244454, 0.80
12/04/2014, 505322, 698703, 1204025, 1.38
12/05/2014, 645797, 1130521, 1776318, 1.75
12/08/2014, 558629, 850657, 1409286, 1.52
12/09/2014, 668043, 803878, 1471921, 1.20
12/10/2014, 1008383, 961621, 1970004, 0.95
12/11/2014, 942117, 866361, 1808478, 0.92
12/12/2014, 1437790, 1543229, 2981019, 1.07
12/15/2014, 1030389, 1245100, 2275489, 1.21
12/16/2014, 1470142, 1271303, 2741445, 0.86
12/17/2014, 1035760, 1562481, 2598241, 1.51
12/18/2014, 1207559, 1037550, 2245109, 0.86
12/19/2014, 871688, 1090737, 1962425, 1.25
12/22/2014, 586235, 603876, 1190111, 1.03
12/23/2014, 476854, 626127, 1102981, 1.31
12/24/2014, 243966, 310424, 554390, 1.27
12/26/2014, 527012, 470701, 997713, 0.89
12/29/2014, 448310, 446500, 894810, 1.00
12/30/2014, 528606, 703361, 1231967, 1.33
12/31/2014, 601396, 749518, 1350914, 1.25
01/02/2015, 576980, 962036, 1539016, 1.67
01/05/2015, 764858, 1071808, 1836666, 1.40
01/06/2015, 667622, 1139770, 1807392, 1.71
01/07/2015, 653138, 847249, 1500387, 1.30
01/08/2015, 758696, 860960, 1619656, 1.13
01/09/2015, 544155, 821527, 1365682, 1.51
01/12/2015, 368133, 575502, 943635, 1.56
01/13/2015, 731150, 777920, 1509070, 1.06
01/14/2015, 904718, 1138985, 2043703, 1.26
01/15/2015, 932891, 1041722, 1974613, 1.12
01/16/2015, 860778, 1061231, 1922009, 1.23
01/20/2015, 887307, 732370, 1619677, 0.83
01/21/2015, 735992, 917949, 1653941, 1.25
01/22/2015, 625901, 813448, 1439349, 1.30
01/23/2015, 678085, 1326982, 2005067, 1.96
01/26/2015, 463152, 498645, 961797, 1.08
01/27/2015, 476814, 595757, 1072571, 1.25
01/28/2015, 555916, 659613, 1215529, 1.19
01/29/2015, 648074, 968094, 1616168, 1.49
01/30/2015, 636812, 1035664, 1672476, 1.63
02/02/2015, 599449, 752769, 1352218, 1.26
02/03/2015, 596518, 851586, 1448104, 1.43
02/04/2015, 536913, 662885, 1199798, 1.23
02/05/2015, 504050, 661081, 1165131, 1.31
02/06/2015, 999186, 1134376, 2133562, 1.14
02/09/2015, 450313, 616379, 1066692, 1.37
02/10/2015, 468788, 635854, 1104642, 1.36
02/11/2015, 475752, 579206, 1054958, 1.22
02/12/2015, 727478, 956142, 1683620, 1.31
02/13/2015, 683914, 1036772, 1720686, 1.52
02/17/2015, 666625, 860014, 1526639, 1.29
02/18/2015, 796161, 936050, 1732211, 1.18
02/19/2015, 635446, 724252, 1359698, 1.14
02/20/2015, 693073, 775116, 1468189, 1.12
02/23/2015, 428410, 513118, 941528, 1.20
02/24/2015, 590482, 823740, 1414222, 1.40
02/25/2015, 611657, 886042, 1497699, 1.45
02/26/2015, 344137, 585693, 929830, 1.70
02/27/2015, 485559, 759202, 1244761, 1.56
03/02/2015, 405835, 562678, 968513, 1.39
03/03/2015, 481563, 638173, 1119736, 1.33
03/04/2015, 441871, 577047, 1018918, 1.31
03/05/2015, 338513, 458658, 797171, 1.35
03/06/2015, 636329, 1119983, 1756312, 1.76
03/09/2015, 310160, 492441, 802601, 1.59
03/10/2015, 734533, 906573, 1641106, 1.23
03/11/2015, 507192, 747581, 1254773, 1.47
03/12/2015, 514815, 721449, 1236264, 1.40
03/13/2015, 584159, 889303, 1473462, 1.52
03/16/2015, 527128, 634066, 1161194, 1.20
03/17/2015, 499623, 519346, 1018969, 1.04
03/18/2015, 872159, 1038205, 1910364, 1.19
03/19/2015, 746359, 792155, 1538514, 1.06
03/20/2015, 710106, 797465, 1507571, 1.12
03/23/2015, 433542, 543057, 976599, 1.25
03/24/2015, 649479, 706879, 1356358, 1.09
03/25/2015, 551681, 785512, 1337193, 1.42
03/26/2015, 788332, 821579, 1609911, 1.04
03/27/2015, 576885, 714362, 1291247, 1.24
03/30/2015, 432385, 635369, 1067754, 1.47
03/31/2015, 402081, 491659, 893740, 1.22
04/01/2015, 460593, 693537, 1154130, 1.51
04/02/2015, 395996, 588898, 984894, 1.49
04/06/2015, 445204, 505825, 951029, 1.14
04/07/2015, 494314, 584728, 1079042, 1.18
04/08/2015, 474359, 542809, 1017168, 1.14
04/09/2015, 498520, 747251, 1245771, 1.50
04/10/2015, 1205255, 1035763, 2241018, 0.86
04/13/2015, 669603, 745693, 1415296, 1.11
04/14/2015, 635925, 914697, 1550622, 1.44
04/15/2015, 845049, 823624, 1668673, 0.97
04/16/2015, 563398, 666629, 1230027, 1.18
04/17/2015, 712128, 1031336, 1743464, 1.45
04/20/2015, 480725, 456729, 937454, 0.95
04/21/2015, 465398, 495764, 961162, 1.07
04/22/2015, 379177, 581184, 960361, 1.53
04/23/2015, 473992, 728672, 1202664, 1.54
04/24/2015, 707764, 696534, 1404298, 0.98
04/27/2015, 630653, 643501, 1274154, 1.02
04/28/2015, 434089, 499795, 933884, 1.15
04/29/2015, 592345, 689866, 1282211, 1.16
04/30/2015, 614265, 918920, 1533185, 1.50
05/01/2015, 596446, 827985, 1424431, 1.39
05/04/2015, 332702, 535440, 868142, 1.61
05/05/2015, 456367, 683753, 1140120, 1.50
05/06/2015, 893161, 826614, 1719775, 0.93
05/07/2015, 826073, 714403, 1540476, 0.86
05/08/2015, 991964, 850020, 1841984, 0.86
05/11/2015, 1706385, 598388, 2304773, 0.35
05/12/2015, 590303, 863534, 1453837, 1.46
05/13/2015, 504380, 548305, 1052685, 1.09
05/14/2015, 940617, 704531, 1645148, 0.75
05/15/2015, 562730, 723116, 1285846, 1.29
05/18/2015, 1093599, 936405, 2030004, 0.86
05/19/2015, 581504, 812741, 1394245, 1.40
05/20/2015, 758456, 739620, 1498076, 0.98
05/21/2015, 549789, 537889, 1087678, 0.98
05/22/2015, 714787, 654107, 1368894, 0.92
05/26/2015, 606240, 756667, 1362907, 1.25
05/27/2015, 506593, 551246, 1057839, 1.09
05/28/2015, 370602, 526122, 896724, 1.42
05/29/2015, 480154, 787699, 1267853, 1.64
06/01/2015, 601089, 513941, 1115030, 0.86
06/02/2015, 557455, 618283, 1175738, 1.11
06/03/2015, 407509, 459632, 867141, 1.13
06/04/2015, 794261, 1073802, 1868063, 1.35
06/05/2015, 715412, 950240, 1665652, 1.33
06/08/2015, 754337, 717874, 1472211, 0.95
06/09/2015, 682744, 723938, 1406682, 1.06
06/10/2015, 1774166, 788365, 2562531, 0.44
06/11/2015, 755436, 640920, 1396356, 0.85
06/12/2015, 846443, 1017006, 1863449, 1.20
06/15/2015, 950463, 790195, 1740658, 0.83
06/16/2015, 1249607, 787452, 2037059, 0.63
06/17/2015, 872404, 830204, 1702608, 0.95
06/18/2015, 1181448, 926830, 2108278, 0.78
06/19/2015, 703852, 780408, 1484260, 1.11
06/22/2015, 646619, 728027, 1374646, 1.13
06/23/2015, 533495, 580554, 1114049, 1.09
06/24/2015, 583932, 654703, 1238635, 1.12
06/25/2015, 492888, 581436, 1074324, 1.18
06/26/2015, 643414, 779448, 1422862, 1.21
06/29/2015, 1083048, 1518766, 2601814, 1.40
06/30/2015, 1091418, 1210229, 2301647, 1.11
07/01/2015, 638970, 924631, 1563601, 1.45
07/02/2015, 989533, 928527, 1918060, 0.94
07/06/2015, 799491, 802606, 1602097, 1.00
07/07/2015, 762548, 926176, 1688724, 1.21
07/08/2015, 563438, 1021236, 1584674, 1.81
07/09/2015, 737213, 916432, 1653645, 1.24
07/10/2015, 998593, 1111652, 2110245, 1.11
07/13/2015, 2336049, 1107503, 3443552, 0.47
07/14/2015, 893521, 849555, 1743076, 0.95
07/15/2015, 774121, 810260, 1584381, 1.05
07/16/2015, 1269201, 1158380, 2427581, 0.91
07/17/2015, 818242, 903052, 1721294, 1.10
07/20/2015, 730254, 874760, 1605014, 1.20
07/21/2015, 721179, 784948, 1506127, 1.09
07/22/2015, 884128, 704708, 1588836, 0.80
07/23/2015, 830259, 796402, 1626661, 0.96
07/24/2015, 791557, 1273431, 2064988, 1.61
07/27/2015, 894179, 1061546, 1955725, 1.19
07/28/2015, 641274, 760489, 1401763, 1.19
07/29/2015, 616244, 606124, 1222368, 0.98
07/30/2015, 519166, 549768, 1068934, 1.06
07/31/2015, 511055, 772290, 1283345, 1.51
08/03/2015, 862489, 831623, 1694112, 0.96
08/04/2015, 445739, 490712, 936451, 1.10
08/05/2015, 658317, 647767, 1306084, 0.98
08/06/2015, 822876, 951124, 1774000, 1.16
08/07/2015, 815822, 1061817, 1877639, 1.30
08/10/2015, 1823683, 680421, 2504104, 0.37
08/11/2015, 901098, 966138, 1867236, 1.07
08/12/2015, 1437634, 1452809, 2890443, 1.01
08/13/2015, 904340, 840812, 1745152, 0.93
08/14/2015, 794963, 822261, 1617224, 1.03
08/17/2015, 1192979, 848897, 2041876, 0.71
08/18/2015, 1004629, 873562, 1878191, 0.87
08/19/2015, 1218503, 1295399, 2513902, 1.06
08/20/2015, 1378717, 1875781, 3254498, 1.36
08/21/2015, 1889090, 3113121, 5002211, 1.65
08/24/2015, 1960437, 2619517, 4579954, 1.34
08/25/2015, 1503929, 2060681, 3564610, 1.37
08/26/2015, 2009815, 1936369, 3946184, 0.96
08/27/2015, 1191346, 1694361, 2885707, 1.42
08/28/2015, 858026, 1318591, 2176617, 1.54
08/31/2015, 751235, 1061971, 1813206, 1.41
09/01/2015, 1333285, 1792762, 3126047, 1.34
09/02/2015, 666317, 1243102, 1909419, 1.87
09/03/2015, 1011823, 1304620, 2316443, 1.29
09/04/2015, 706494, 1310151, 2016645, 1.85
09/08/2015, 935758, 947583, 1883341, 1.01
09/09/2015, 785444, 945152, 1730596, 1.20
09/10/2015, 889583, 1169493, 2059076, 1.31
09/11/2015, 867401, 1154184, 2021585, 1.33
09/14/2015, 757799, 701954, 1459753, 0.93
09/15/2015, 1035175, 1241029, 2276204, 1.20
09/16/2015, 939607, 1304884, 2244491, 1.39
09/17/2015, 1240775, 1095386, 2336161, 0.88
09/18/2015, 875788, 1081716, 1957504, 1.24
09/21/2015, 899906, 1088060, 1987966, 1.21
09/22/2015, 891548, 936172, 1827720, 1.05
09/23/2015, 682187, 783295, 1465482, 1.15
09/24/2015, 901622, 852952, 1754574, 0.95
09/25/2015, 711704, 989570, 1701274, 1.39
09/28/2015, 876413, 1165821, 2042234, 1.33
09/29/2015, 704206, 1025130, 1729336, 1.46
09/30/2015, 1391305, 931044, 2322349, 0.67
10/01/2015, 823264, 766878, 1590142, 0.93
10/02/2015, 844457, 1014873, 1859330, 1.20
10/05/2015, 1034419, 1215445, 2249864, 1.18
10/06/2015, 799913, 870894, 1670807, 1.09
10/07/2015, 795058, 916782, 1711840, 1.15
10/08/2015, 1066738, 951107, 2017845, 0.89
10/09/2015, 1073663, 1058026, 2131689, 0.99
10/12/2015, 748151, 795276, 1543427, 1.06
10/13/2015, 1340804, 990692, 2331496, 0.74
10/14/2015, 951251, 984313, 1935564, 1.03
10/15/2015, 885634, 1096640, 1982274, 1.24
10/16/2015, 833496, 891496, 1724992, 1.07
10/19/2015, 1070726, 1070401, 2141127, 1.00
10/20/2015, 753153, 840123, 1593276, 1.12
10/21/2015, 873105, 943112, 1816217, 1.08
10/22/2015, 970472, 963409, 1933881, 0.99
10/23/2015, 1586116, 1123578, 2709694, 0.71
10/26/2015, 391955, 479464, 871419, 1.22
10/27/2015, 513504, 648976, 1162480, 1.26
10/28/2015, 869564, 762590, 1632154, 0.88
10/29/2015, 924698, 944921, 1869619, 1.02
10/30/2015, 567397, 956085, 1523482, 1.69
11/02/2015, 656484, 679452, 1335936, 1.03
11/03/2015, 792172, 883850, 1676022, 1.12
11/04/2015, 755053, 672997, 1428050, 0.89
11/05/2015, 552072, 826253, 1378325, 1.50
11/06/2015, 820518, 1110916, 1931434, 1.35
11/09/2015, 869797, 1079523, 1949320, 1.24
11/10/2015, 520826, 513753, 1034579, 0.99
11/11/2015, 422511, 485737, 908248, 1.15
11/12/2015, 751958, 1139425, 1891383, 1.52
11/13/2015, 1513657, 1603105, 3116762, 1.06
11/16/2015, 1264649, 1031337, 2295986, 0.82
11/17/2015, 993804, 868526, 1862330, 0.87
11/18/2015, 845973, 1076947, 1922920, 1.27
11/19/2015, 690986, 715725, 1406711, 1.04
11/20/2015, 583556, 831624, 1415180, 1.43
11/23/2015, 471267, 694340, 1165607, 1.47
11/24/2015, 560175, 698284, 1258459, 1.25
11/25/2015, 402233, 615645, 1017878, 1.53
11/27/2015, 378424, 527969, 906393, 1.40
11/30/2015, 647652, 815608, 1463260, 1.26
12/01/2015, 590392, 748984, 1339376, 1.27
12/02/2015, 758629, 941701, 1700330, 1.24
12/03/2015, 1041769, 1163233, 2205002, 1.12
12/04/2015, 926461, 970915, 1897376, 1.05
12/07/2015, 608344, 665544, 1273888, 1.09
12/08/2015, 626659, 597059, 1223718, 0.95
12/09/2015, 944171, 943166, 1887337, 1.00
12/10/2015, 642808, 947535, 1590343, 1.47
12/11/2015, 1757899, 1623403, 3381302, 0.92
12/14/2015, 1315808, 1409191, 2724999, 1.07
